58131
86203
38045
380989
76699
29935
47089
38809
134927
41677
15610
545138
32679
108599
26800
624821
178490
76487
286319
465211
632020
119991
414344
774251
71865
61870
67104
19940
450924
648335
267714
113143
41761
147613
88142
79959
33725
71433
104210
141174
129478
146247
862212
48636
78278
92391
29280
431609
207306
83019
54040
21108
663631
26520
394820
193260
147680
337363
194389
179386
115375
69117
259603
95319
40066
140503
236511
27215
49770
53848
128619
124163
441073
332563
241514
136428
77942
46807
48023
61016
29275
704667
838713
35202
26315
669435
418203
55227
128251
390428
35106
272506
26405
74372
104517
191977
47078
321111
633621
26823
53516
510755
125256
95844
187067
56565
724869
101789
115059
42230
83903
810658
124428
871043
41621
16489
45318
128189
167193
67010
117389
26477
187151
45490
845789
51076
48500
48019
29549
44076
28397
775083
857204
121703
45444
112372
38651
716511
17638
58084
138774
796972
301629
117277
124795
373900
23879
362753
828534
29152
113299
106048
308665
41175
120514
123099
16090
45937
682094
415652
32841
114249
166583
619909
26526
463491
87499
142014
27521
426328
18434
39504
30566
125528
52613
79568
281797
453103
146162
49468
22985
444143
46826
230820
140893
109344
21699
257578
91854
132512
395935
75970
73011
141121
40197
173020
126419
125083
71512
334296
49698
19938
41746
39844
211965
127195
335508
47785
21367
213976
33174
145318
396702
24986
25649
91796
296366
79940
70279
54630
102531
43313
52873
74980
84841
143118
126327
106652
19558
508530
40586
479448
30635
149086
117881
416312
18832
542871
29341
460775
105354
29222
723356
178207
460259
93287
336450
48248
122683
46894
130066
17033
65337
409051
50143
143213
23241
74531
72297
54544
727436
56095
32860
18926
44514
218197
117700
635958
48976
26501
139236
52171
445545
16739
181275
447686
376102
450985
512043
97852
78931
34562
211299
69425
43969
39846
70592
151942
136948
210672
50964
128264
100375
107015
41260
131502
425410
46122
736442
29110
35552
715970
61705
21503
68328
171506
85447
117358
77533
332987
27133
26826
392983
73866
47151
49789
763596
17889
65827
119447
66153
50038
37046
92284
388045
750802
50634
16897
399392
43060
294674
26353
454228
89374
127442
39458
42788
128312
128167
133072
29577
43486
261327
28617
42648
21851
33961
149926
41305
43977
29040
453957
25484
31358
36449
86119
37754
48122
104139
31546
119535
708088
34326
29915
407766
33279
246730
123150
110092
82787
35558
47958
91348
38763
47089
47394
23647
71135
112574
23270
37294
714185
142236
788880
438862
44378
50610
360144
25873
34825
17200
118307
401276
26306
74875
70716
546761
766726
79068
299098
79065
39464
31009
106907
56627
885080
376046
56001
139750
837796
122738
38712
73645
25315
35900
477322
100861
431313
18590
119857
195811
113114
228288
335029
241695
128909
40470
474936
45593
53841
98355
730082
79111
422487
152155
47885
62476
282652
96885
114518
190280
171338
50933
184733
82540
63956
87549
116656
109975
91343
604898
879907
167544
844683
65800
132252
40354
329331
209864
251237
118657
67604
28900
597705
64170
34753
97313
301242
97881
44246
157605
888244
109597
177855
594138
733448
31205
141862
27445
32090
56956
361964
348537
56461
83780
293304
63411
29725
221567
24317
73256
250141
41868
79428
19679
769178
499866
68856
839783
127208
30545
61323
49477
84470
148320
556431
548732
139984
38088
41265
30473
19934
889966
395512
321657
726970
17604
108080
26113
103589
37676
570839
28035
195292
69401
70626
465513
119444
77595
757789
36493
28739
130577
67660
109926
859268
30155
67876
250613
95458
422431
230782
18314
140990
75331
886442
799258
62973
45822
86807
33327
525024
257090
85314
26174
270620
87153
20028
127663
94940
131035
123221
143421
256243
27556
59601
40070
61537
16399
325004
466971
449561
24460
95454
123025
534341
134820
577682
324740
47615
35331
21586
26609
227729
600095
96126
136299
16064
142346
123592
69549
85646
147472
255149
38067
16426
587361
18842
60272
136756
36458
170621
49361
489943
31353
201223
179823
424249
143951
595530
129261
48201
573695
44885
39106
545190
27721
43716
66194
38089
24224
41371
101689
119673
63955
120102
76929
523154
222679
36376
118496
45840
60804
147546
216696
339741
378620
240059
48118
25506
147897
35428
71234
167228
73598
110785
446784
30357
56622
73457
268423
36302
74717
33803
142926
58994
98680
666296
106730
120969
104628
101348
31362
35494
39314
31220
42514
144399
120990
43599
121848
65240
129504
123194
16480
163299
79401
210815
140160
87248
21013
101446
36503
28588
51582
309672
220401
53266
57532
93865
28402
215105
113500
29432
149717
541011
89553
29334
559538
110787
105518
205141
46138
25790
48583
449044
141827
42189
126407
130128
383611
49614
48477
147081
34445
20873
22717
640476
98194
50660
130755
40155
861913
46035
349531
37434
31711
45976
768778
412477
46891
128327
149772
93398
141925
74833
113266
50717
320592
472738
33105
110126
403970
171291
759892
295714
611264
526101
717940
45187
470891
254996
57872
69975
37826
886332
44841
50694
150097
359058
63426
144090
87346
109567
83904
115066
820600
98968
86584
874151
105493
59790
16763
36491
37528
18393
109049
33264
51674
111880
43301
235874
29695
82729
97625
218008
76254
851688
36753
20918
40244
33256
28045
19490
37293
183027
25646
43850
23612
88189
81083
137680
16518
18014
100210
19146
125068
138703
589014
338357
148029
80138
110732
37915
83547
39380
102874
323687
60203
95062
36821
79564
88629
297959
440343
307916
221943
21982
92396
19949
737556
388360
24264
427321
57330
44439
36207
67343
80960
400869
145418
323598
67576
104452
55145
68025
251615
79084
36040
138644
133001
369947
16245
93427
48607
19754
82528
122046
128862
112909
145673
139804
102172
46259
37298
408719
54225
37844
109068
71707
185477
108902
15339
141905
30945
758468
82614
404227
109234
61301
91145
387890
22265
396502
68644
52411
30108
826299
95570
485869
435489
337908
23341
84762
33132
744998
45221
17216
57036
101498
892826
385106
61472
411433
78886
23252
26140
100739
19847
40759
143971
132617
34340
207838
359839
79219
15503
17404
95797
113943
118290
24884
88507
110470
34492
90839
479269
54805
130493
75497
66900
148592
45907
721498
177669
123447
67659
26391
149324
128580
657493
81505
401125
221040
41813
323187
29694
38874
131932
362603
868364
69606
81143
355478
185131
24388
140205
142950
33465
74233
35334
394002
50359
656054
55084
81400
79136
301072
55327
52507
291448
29392
168278
690985
63646
411678
37685
544250
37578
21612
158608
48127
20102
90307
27202
495678
94008
266606
120472
68097
318606
141753
45768
32501
563959
43688
17847
132389
58886
94826
97215
664577
87551
129382
49366
43166
31104
18214
91080
19100
39294
76518
62204
100798
63488
732472
118865
292950
147323
287692
139958
72357
259886
139537
31793
53313
84635
105344
34345
183004
117278
255209
53863
103908
89122
129639
228043
61538
547318
76896
20259
246910
72790
90988
108307
67083
24679
34385
59488
34348
15433
589194
430661
30989
44817
16228
100790
159112
16721
886370
141105
131397
36691
54406
617562
82842
703471
140678
456818
718236
582745
128235
142758
340689
30259
40211
693062
138543
118910
354245
106848
847196
76570
22693
130542
422603
123753
43320
523729
670350
531396
655936
31840
86900
44477
46827
69383
61339
23947
61914
97618
112614
40993
141349
28182
133925
311340
24017
596019
539490
20697
284719
800176
30367
868749
758391
728472
340943
36181
145769
32335
824272
715095
42193
16984
42748
237223
60418
558685
63358
94296
482437
383803
344984
51462
61383
421671
35086
680276
178327
43479
304439
22987
138099
47421
424532
341665
32768
15212
105519
53114
302353
44463
16902
219099
32167
102948
34678
57153
642980
810914
798403
576517
36210
136100
69652
72006
19484
43920
217484
17058
71021
15075
56026
394075
590039
684475
65807
58362
41290
63243
54911
433868
25018
813646
60383
369982
56666
657501
25789
47605
42738
116403
47125
776446
234301
134841
54235
70071
372364
87055
281385
222001
39970
130255
18994
72660
93366
70890
73742
40070
851410
636468
15425
28815
890200
19255
551237
109972
72646
74435
92185
33104
134614
112288
140938
80117
81600
139552
487861
22167
65432
24768
76713
408848
16359
762275
343793
58666
79132
62525
46195
45343
49258
83331
76331
48392
39898
543669
123923
705382
45473
113193
104897
29360
83426
63295
69361
42160
442317
20985
730412
625660
45124
815563
143021
33788
101249
727397
52543
85852
228279
451217
206269
146938
401406
460258
234544
125843
257329
139283
77223
460875
40982
196149
355854
43492
742682
19319
23213
206849
89538
92477
38173
399568
124265
250427
60105
121372
41974
61553
74727
21783
28461
84230
296024
42554
121350
23680
422933
88166
34914
84511
33876
30887
839174
132713
21628
23307
29180
469974
40736
469505
85201
391754
21973
585750
139075
127177
253887
545947
463992
141867
65510
15418
47027
130435
102819
18746
90251
42082
23272
25353
677814
78680
144867
84227
320269
28881
27025
62794
242445
84672
139551
432924
35220
759476
25350
38709
428356
721706
408501
56506
84414
225816
232203
311526
235475
33258
172692
144406
134246
61956
390461
35013
106926
401191
91072
158236
247521
73023
43577
64161
131738
809058
120982
49160
37135
115192
20771
63849
91013
84733
21101
125067
124979
41386
364676
360570
21566
65705
102097
55540
812392
394330
599901
393761
41832
74115
19652
57020
35913
839333
119889
18072
33860
44799
130496
40361
195927
24035
84466
131664
96077
397701
426134
36363
89067
62772
76202
101748
36614
366004
211608
140920
363689
78954
292110
18550
48143
64142
18172
41427
23683
133033
50026
862125
89925
311181
276785
28767
127815
113173
388468
389091
92900
112127
276098
116905
467556
32958
139708
92040
38056
97877
135176
112964
32848
132024
21336
127581
97003
391497
121183
55287
73082
278301
470388
101328
136432
499100
542501
158352
157332
844985
78633
65920
100507
161787
368810
29821
257826
345666
51550
145530
147377
47021
118698
30451
720658
116047
89167
377923
51621
53585
23037
18003
45847
21117
44918
262342
166350
544534
124733
46972
102236
62452
853166
433447
28312
65986
80009
29551
138806
36772
23696
98865
50158
30491
243839
17041
141988
46290
296497
728479
73840
114866
61831
77484
44565
874114
26996
78390
44588
127374
885442
252315
118513
23345
16695
713389
119965
636433
149526
666366
73449
42413
70320
138295
51057
37340
817587
24160
191181
60288
39088
52632
95520
118552
36159
136306
242731
215824
16280
130359
58400
849730
190938
141251
321598
48081
319557
29452
110143
49808
65766
451586
106735
40771
201040
403883
38052
288620
136253
77101
111394
18858
71885
18890
122369
80376
91384
138040
84503
118920
66010
216309
78602
129512
509972
39464
61855
111675
94980
419616
136014
45606
117699
43711
39327
839271
16941
93161
82045
94285
90550
61848
168717
403579
385991
130483
405172
65037
28505
458074
125583
74926
796809
104876
111823
110944
144211
47227
86171
859786
396013
52845
38921
376344
43818
677827
351702
365613
454490
450799
44935
79913
22688
61234
38758
80366
32766
46108
127281
112109
313819
30945
41772
664288
272091
17111
68409
107578
25901
432971
69763
229486
302022
89790
126100
311362
23645
39421
74673
95407
319993
486721
263333
114543
32877
44939
29908
844860
638976
348674
16682
67482
344817
488093
96037
610304
98281
23364
146242
27275
135915
108472
462689
64126
172605
393979
16030
136365
655882
645613
108415
415649
142203
186495
183927
621689
510335
268791
136578
25958
482235
76067
37270
87488
385567
564831
132711
340091
121734
654918
246872
441201
100973
808103
52943
630865
37395
56508
351231
30213
56027
76739
859533
109425
84291
131049
97827
122111
36108
61498
164758
209752
33888
88755
24124
18188
128645
25140
25359
408049
363534
40482
322027
47936
39311
70147
37935
35288
476401
184040
64778
790616
68773
53134
279936
115032
452808
70411
108878
116630
147174
92763
90353
68103
39718
34145
39073
18728
31038
33284
135674
47756
52015
15443
382000
25649
124589
467236
99441
192033
20263
99198
481276
143307
517764
96549
112374
42248
41269
41560
75704
39917
49475
96505
108221
792029
106535
46686
84650
62808
84040
43241
347111
21493
94922
53745
78648
72663
355078
51527
161263
484273
61823
629157
17788
169165
29284
131016
86095
241960
782373
149249
60216
125878
61729
488508
46361
35440
754481
33615
36300
376381
139917
43827
35246
23993
142692
175648
140148
97396
70447
31426
46246
361767
140018
32977
594716
35384
121902
88664
109271
95505
124913
741258
37527
87556
71468
22856
136994
42298
301138
78184
72780
211828
275035
240747
29380
34681
623125
38709
22724
147244
35202
748166
94342
28555
162800
113215
17614
76434
146106
25187
15512
70022
386967
84366
254203
35212
36284
84525
17756
73330
29735
42225
20978
848925
51384
594043
120518
140856
28071
113829
403372
630367
829440
59883
140434
321420
124303
52214
128471
22013
254379
19163
27997
111836
20901
105515
76171
566999
24721
23573
639951
136817
105250
96096
42966
114410
104147
45731
145748
124944
89086
159995
824880
239550
76935
48635
471614
383747
438026
19816
66638
131202
100336
710063
82208
402462
30776
33850
368711
29801
448968
50090
61954
325901
398775
146927
149817
17280
115622
25633
47589
338348
120796
23005
481453
121138
135635
374207
64834
75615
25467
141319
123184
140147
165266
134838
80515
22395
341552
72392
74101
25783
840651
45962
117923
24171
579307
128147
208886
39087
482086
21449
460465
153788
32090
138048
29768
46407
89937
44094
561058
42627
33171
34252
510438
676144
340553
22161
382711
37646
147118
59226
64329
40319
102403
209856
16776
64479
64032
15197
43130
24015
23527
121569
488001
22167
130275
28541
41894
35776
95070
45737
213546
125224
58164
185627
324737
126610
28159
657431
306943
168522
398466
22957
350693
38105
365848
49193
41098
39283
476762
258702
94802
396321
877650
61819
354831
81939
45118
487553
28050
48253
134492
49073
77601
510909
231952
76523
430114
37028
428532
24820
265267
537080
452175
120120
23893
120810
356738
300832
104863
49151
206528
190056
390993
390128
90655
469519
45034
418784
51154
718701
120207
26215
255871
128006
34912
32905
41941
425304
25026
69357
91880
118611
498942
257561
112874
69602
511439
104121
758048
63530
234917
315512
400683
38650
50865
49307
146791
124058
39855
30719
67678
674443
272152
83128
134854
139127
41920
126819
140539
49151
648357
427960
428461
232574
312735
202412
24879
17691
21181
71984
77618
45294
132661
122570
32485
146217
52560
220511
139996
37250
103714
93457
131040
48341
105373
49031
71496
71965
65777
120770
22484
135004
15923
580623
118516
241891
297775
540284
17979
225431
728815
114764
86459
30306
126693
88685
22463
154444
100203
70659
63912
108122
84932
54380
82488
683294
16746
96339
236385
27815
749154
130482
148617
34569
329752
83777
57095
140197
650658
142226
135405
104871
429939
138827
61158
126157
64265
748507
39435
25338
23170
225496
456757
177538
131351
104058
28774
33914
141846
105165
120933
137295
99147
35885
815674
410020
51931
90417
326865
36389
118198
25442
121058
61043
109683
496493
67394
31956
138346
85848
320850
422605
63144
46350
313252
162576
135639
31514
20610
24924
29789
39530
96581
41545
41977
38318
442897
282148
474206
38544
432797
118237
37654
203332
95707
149242
142350
19047
121259
533298
22774
521202
201047
32691
31495
113909
20250
16004
625872
102728
124896
47654
636672
61248
34764
120137
382027
144410
350610
51716
103563
129451
700317
41667
20917
17612
188796
36708
139900
31775
447400
464251
488717
36258
95545
86781
69885
84153
897072
45898
38960
172292
30759
111781
28843
407677
707060
65560
90540
242599
64077
31559
31331
103369
37222
88608
604898
35483
44420
23778
88480
146382
46024
68351
148718
544952
116629
74103
113917
48769
28094
46732
108429
18329
19772
799049
125400
430959
52629
146616
555748
422476
727597
206090
117766
111895
81796
552459
97708
147794
410600
46621
108537
51975
31155
39587
20348
68725
180677
46369
51801
141383
402742
47819
581302
139338
844678
102164
604791
494140
91682
26543
213696
662813
252198
98817
446481
449359
34798
133285
34693
140387
98050
32754
134005
121933
265535
761731
19054
77488
71874
515086
78708
79330
113814
64819
143254
390984
23875
399411
390319
84621
68215
41488
328291
153896
116629
40752
99841
88271
278572
35720
113391
15927
44716
76098
634337
35342
25189
139660
405567
62215
349125
41243
39739
147482
81727
519597
85284
877364
103634
33969
568765
30346
745482
39856
145678
34087
28248
19304
145783
57145
134342
33024
35539
47178
95225
35875
650976
757570
92256
39807
234587
36503
74499
176454
19903
188551
18179
102355
499531
32880
50774
137575
71097
34334
28340
28342
60593
838375
455129
62052
23996
185566
96256
36596
92180
19840
103144
121846
59507
85270
244043
478448
21855
95072
144639
740210
534796
91472
83484
33881
32325
42724
577623
334305
21007
93450
55329
49733
67549
811535
147774
115334
243556
409154
34659
123873
139715
80738
36606
721260
148275
57346
291398
109840
78993
527323
61129
606816
37859
70366
24095
23586
228095
591832
658255
63984
57153
34566
103841
462052
320753
118085
54063
218440
15749
360769
398073
21059
114218
178870
41215
35321
100668
84769
126154
97227
51808
27715
31265
147176
25649
217213
33032
161897
837455
92656
456167
623754
806828
116248
47492
726681
44735
43949
30962
383422
472599
112072
63238
145943
100134
100097
130474
84160
109021
101004
799030
31475
73909
57087
754857
268900
26474
109828
15752
397055
623463
69485
301328
84453
121803
41131
119923
99988
98824
24854
47102
294905
33673
846681
612240
20118
320904
57052
142358
40333
127848
61808
316791
57680
32331
19519
211633
628047
16332
116210
343015
68672
16034
59515
33598
46996
47595
17969
19150
110342
69614
63114
330920
80540
112787
20346
18727
27109
243356
25016
50288
48791
442401
19080
544004
801890
76303
34620
290031
102507
24779
100027
89834
407192
190298
37699
53865
178553
90039
92478
470893
136833
133575
104029
749792
41044
817915
183088
30323
46444
119534
95094
120686
25587
62047
692897
68435
464778
29725
213306
145231
25783
147694
34504
368386
59831
44257
130336
38733
134332
39518
107897
107066
563231
98904
24194
20376
100135
96989
59809
485836
47343
352435
73227
432695
74531
39618
34493
239798
74462
20175
22486
61486
332367
45802
29776
19782
116785
104720
109298
105027
836121
34487
733541
103675
639567
122535
466233
24297
165341
33528
58558
30872
97021
427977
448279
381670
24379
528665
38569
135268
795304
116208
196813
22419
199550
24656
133346
34088
45260
91710
126929
102048
775691
42190
89499
30792
319252
743354
74776
135821
366929
168791
499642
201526
561311
102008
40558
21397
40339
122046
127121
374473
97926
44278
451277
224638
755801
590855
721811
111236
62316
27173
462237
88855
67780
39184
34558
21589
148625
497335
47382
18447
45130
81575
30898
699722
16624
719326
139478
47933
100273
39196
544025
112497
169837
23504
458734
140231
139990
336284
51404
795205
327177
107293
459686
362879
80620
44616
875218
225350
39911
59352
45672
39007
94915
18431
44430
65656
35485
123700
265038
100198
24388
45281
35590
36258
351639
77887
198552
345471
48234
132615
135849
123309
43991
49173
211683
36453
419516
17699
393145
111562
148584
101878
48131
113980
128633
35159
366504
95122
71017
77926
71091
31704
83641
325600
85555
22786
398834
259190
142856
106775
27465
647326
39155
47022
33957
245568
83304
108964
38638
41244
101854
38971
130863
292056
191018
721927
394267
307849
84004
343949
20700
81857
24705
43767
36050
43173
145213
706935
31088
178738
292958
343242
76138
15471
28584
19817
30915
493065
483517
132466
350158
40026
37212
18312
146565
101492
43540
41497
124538
72571
31263
121198
66200
50569
45556
63929
102038
65127
814752
46148
484992
613019
664244
35163
17103
46650
128637
44039
461091
146939
42026
63995
157447
146802
25154
746018
67706
30802
136828
350050
33254
195130
137822
131786
881005
16378
145141
63083
58830
81609
147310
264498
29076
30525
46766
509393
40751
146068
388858
37059
804343
417081
138012
263705
263320
425066
470098
107962
124886
81959
16194
208254
51389
34231
42548
16241
34361
283874
17726
30269
88086
132133
64944
21958
47376
142619
163068
104100
312718
97215
212350
25921
79270
41741
393425
110854
184408
21619
49451
34783
855042
93912
100778
25620
26603
317605
251230
846479
143934
98631
114238
29733
600769
84054
90194
89362
58289
891352
813103
43122
37304
308332
24764
23142
44091
167152
783089
54552
49903
136185
30925
80300
177710
22084
115974
93513
129088
134455
124844
21943
883296
21717
41795
25109
103012
738551
17583
130135
231032
78819
65518
23921
207514
114217
139464
94114
114000
35986
47705
495722
21344
69736
490284
515139
396935
26409
164025
497128
96019
480649
154257
136414
270431
107164
450003
134093
716542
198715
608637
73579
97896
225352
83802
41612
43874
74642
107537
33231
53028
18677
59308
118715
55137
61630
308502
33331
24479
38911
207339
403055
260020
90124
385954
448145
99213
96666
31049
40856
15803
428972
72773
76439
71353
207742
411167
56311
41282
39686
489830
28871
19980
132516
39908
51499
112411
135855
105467
47596
792831
60216
17982
131088
212577
52349
20550
44069
104950
31270
891659
40164
638286
143675
27460
30080
140427
24101
75747
40137
88746
65404
155654
106419
80784
80674
109951
72702
103745
99924
86369
145595
179389
46731
120076
75526
278359
141342
32662
41957
36646
172711
16366
430654
147469
15026
44798
474605
778095
93372
148653
339667
860109
620514
502811
131969
879708
96180
561174
35915
198204
50541
79013
19135
136099
129603
404312
93830
23794
330133
17142
40974
18994
321079
414355
499699
24009
72185
560016
496117
86671
509754
32118
22075
94664
95604
190840
334356
57590
742969
688878
17009
122919
93328
201010
24070
298530
147216
113002
130319
443999
70175
146349
164313
28880
22762
50023
63594
17069
779692
313044
142471
134686
130998
26108
111442
89348
410220
333318
64749
132789
55748
115526
30170
92585
99370
47225
136945
146111
45405
37321
22933
21328
60349
80433
62191
65177
455093
334212
18413
113526
152663
169725
122562
113683
215717
43620
34804
110961
21736
121621
56823
37978
353208
134499
123874
97242
56287
227566
55656
421031
232862
286548
45166
121639
34928
308883
20077
36512
864922
119980
306695
92828
20616
82427
124234
20280
246075
258088
43185
297042
67126
70370
31222
18947
34931
336698
52188
96919
65713
274593
45996
81136
43103
182204
429700
173085
144577
429783
134501
133996
34660
41461
794050
100165
110847
839338
212505
28730
107762
48267
332775
74582
123171
120737
470071
148078
20552
106558
214063
140290
120736
503066
107614
15599
41764
26370
746259
60102
96545
636824
110910
58937
117650
42020
51621
93284
57851
117794
50961
124923
272014
138033
69163
892075
647743
130740
143205
135831
131938
79658
423558
173656
20365
39695
26023
44651
17444
699959
844436
59726
96811
109607
455887
123576
85059
74117
117018
811436
35944
27659
48712
488420
82267
30785
194568
121619
44714
824013
21511
89473
120880
94561
36827
328423
97236
65683
568207
42513
76182
378165
343865
108926
42861
108035
133152
150443
26754
759412
44945
99346
98271
42437
627208
896619
665945
19435
45674
78831
48810
879058
193825
28855
36684
447752
133106
68626
664108
73970
44949
322601
339354
136644
42528
116950
389988
475298
32556
138762
111499
122513
90945
99593
109518
19475
18776
65140
211277
473760
44776
83981
80754
144841
297654
22434
75313
443820
37010
67134
117747
38210
25403
17381
59284
218804
134495
179372
18190
25996
21112
389037
47857
16639
48044
47170
21916
36122
85670
79261
70462
123185
327062
84935
16952
123285
40098
122299
426003
371737
51968
124382
600620
430512
43734
131233
104001
38194
495588
34375
433419
754305
28163
42045
239759
45630
118196
80802
347201
89993
36603
36532
84899
258939
461936
418129
99052
136007
87990
32520
134073
112464
754722
211261
190118
121530
118732
22548
146006
34966
176596
50740
378975
75500
615188
31541
38283
92028
45256
31644
33374
109841
43670
19801
147181
575644
46175
25935
30414
15110
418261
525524
30074
31693
273835
848242
33229
356792
102323
79403
28969
30218
51275
101436
47639
34845
208842
22032
109346
147096
36644
18573
218982
358435
104560
64284
366763
487994
408215
41017
126163
874971
57056
246965
98718
330999
130441
19575
74887
143503
79036
447404
148162
43157
18519
26945
73277
33241
97188
265644
33023
82478
99010
82541
780167
33913
256494
146498
45108
393734
328633
405068
86746
58974
177034
401913
20181
122282
122101
42274
859118
122037
142358
31246
88801
692654
87587
479587
46373
42534
91161
34653
34414
94923
369270
710779
140096
22331
464627
42402
130456
38178
50192
221175
156220
490151
231817
130968
124045
34035
45324
351117
362045
30484
153330
46667
125758
73261
373189
94281
110030
448990
46390
25463
104263
87708
36731
60794
58852
134496
42730
31931
97295
127029
149202
131230
87071
17144
365846
871434
93037
15530
68164
80123
311524
204478
40455
34555
244737
731484
20650
274126
94677
44729
105898
66828
63846
59357
115777
139221
38869
453808
295045
115036
324819
23450
26018
18885
15363
20139
36671
396844
105837
40939
123816
610818
98201
696454
26473
174191
119618
134182
222913
327569
305499
623801
113076
18783
689055
20247
89327
42795
45540
147080
73958
22529
32497
255481
41102
60333
43225
709117
48124
74319
524921
384175
40246
25418
104270
64231
885134
484236
44593
52409
459877
91289
41362
102042
219583
100912
27707
315415
97949
376098
45276
143743
119003
193122
114492
116996
48857
120598
667458
49337
161822
67133
334950
122166
32344
51258
461931
143962
815775
303529
47016
360038
22084
475558
20294
92057
133693
114630
33235
50947
28259
100786
298758
155546
481697
90411
44734
745412
22646
201740
122180
33012
242081
42666
23466
263087
131811
108874
64921
662146
44170
26795
29005
17591
293600
237823
105602
141288
798047
25659
54945
134887
149475
354528
425390
26051
99948
17746
203697
116953
787168
164072
262206
54636
102083
29062
24563
146101
36678
302839
29501
350281
478630
390797
97350
15044
32089
56158
135083
529322
47899
447875
71069
83541
385615
16808
168188
123660
32219
138255
254835
66493
86088
80192
115973
628759
69049
127431
57149
48944
330955
128266
438356
16062
481362
351373
38587
249726
25614
735052
43552
21352
99639
52817
39688
66570
110808
45500
497990
39836
53337
453546
91534
136284
48784
133840
80741
684167
328917
420210
559225
46170
704631
285789
19453
25028
140955
744913
99629
91653
30051
18986
39251
26708
119516
121613
32986
29485
39485
127062
146207
125610
595363
102873
67988
140825
71474
240917
126866
650495
132174
297118
19862
860706
309743
98654
142110
82427
132957
24160
113209
830384
142201
129746
15400
99857
239096
547002
87702
117682
35794
709148
815412
88338
72943
92611
44399
38265
41085
25961
64539
704447
277765
102503
25196
66806
16437
134131
88087
121972
593329
115952
38621
30684
32141
33681
131413
151853
466977
34142
75471
27931
546650
149973
44723
787081
19664
125583
649046
459839
30057
140511
48153
17965
311134
116354
123273
117604
587088
42103
74698
559736
224495
85236
25379
114798
58730
91772
178938
49010
648959
392284
15665
130440
38726
137774
78475
225991
132142
103055
298695
363185
39175
106225
114214
65507
42820
151283
299456
119445
173852
187767
45455
852903
39448
107685
21737
208575
398888
325855
436338
229239
47553
207348
815683
28829
87374
112685
113374
114067
146395
637250
33369
77965
773820
309421
87478
58128
45528
148029
18315
738056
38909
410939
17741
489343
20057
25105
277740
21789
49613
225166
47918
113610
407209
49506
32401
127411
64475
146803
353991
36411
20341
412173
340836
354510
82896
43436
110052
430299
552637
365398
45743
91384
72215
326899
40534
131301
143114
23167
134695
369712
240309
22158
55231
599049
203967
57835
104420
34178
549444
739998
62528
25708
35516
46308
194726
117194
47130
66144
836265
114533
142979
71803
128715
143366
268195
125714
159860
439804
61363
141242
69693
68885
90216
85558
106273
123957
196373
46211
43545
312277
131989
106758
69482
264092
71878
140337
19769
68527
165079
23375
55117
54160
52901
324539
265691
103555
91427
55883
107439
34809
139922
27787
100579
43244
249123
42968
95939
316597
25126
32921
567684
177729
703671
221801
350697
206643
52330
147450
35679
102551
125767
126924
15447
39993
44088
885931
33850
59035
41569
115215
23753
36937
25055
83587
39042
116427
128975
90907
184664
281434
467078
53239
131682
136973
100437
145304
478442
491708
803386
44965
111737
57114
117721
35616
59028
146970
44041
22863
846453
293117
143278
805610
20372
70637
394778
69943
50168
129996
70733
21525
24186
53173
44527
194251
15829
88981
81035
807007
47955
866802
84994
337373
85562
108074
131143
29522
71094
148441
33824
330118
878785
549668
130201
228233
147317
842099
661571
436349
117538
129195
38402
43028
69250
49802
109078
106370
60023
26349
295304
578892
42284
41609
271807
63623
70837
459878
728711
30938
233373
32807
146022
140665
367031
69672
488161
729301
61821
149549
19535
496072
77103
20192
866206
21240
118279
879635
208734
360043
130880
94994
47913
15633
415287
145684
45252
58582
29790
43218
34613
25016
42588
822135
133166
548213
48066
664599
380784
224049
126491
73256
21769
797399
258307
652145
77753
145105
674516
15141
23777
39318
103964
790066
76634
50095
48816
30392
414014
118494
19427
59233
131081
39916
19549
141472
94799
110424
39472
135679
146776
382761
19209
391684
48999
96393
80908
24172
52600
135097
85312
34605
828602
57368
18877
22014
37945
91689
121899
54089
83851
101654
141947
29974
88097
42885
478834
120643
858754
133957
672641
145787
547317
93501
28754
135521
149936
60495
39896
99320
295379
102029
99156
138359
124573
456006
118593
204056
222833
47166
147801
136766
52873
514340
40932
172143
205706
48124
224235
40998
107014
390842
38768
147879
584193
25430
19178
133706
22104
118586
130432
49437
24363
92554
32800
144719
32996
52652
484496
17040
119392
205749
121766
632636
38524
100524
59453
214336
122924
234179
101937
76144
180506
369565
49581
757090
145016
35603
424026
18291
30597
49939
251721
54898
654577
65203
43903
135800
64803
32332
39720
26754
27061
780932
64171
324407
33546
62572
43074
115674
21788
90066
130635
42386
32887
135916
62578
109592
776986
870128
58967
28171
45344
55849
91223
40938
247409
32593
119604
201414
108401
44223
854650
46894
184715
63574
718556
246130
144479
686363
476754
22496
55773
78468
592267
114695
86736
27478
79648
120391
46010
24599
295342
17186
859124
141363
876745
38506
227567
39285
129077
77773
392698
623933
21231
68531
70619
98723
617695
100869
167349
745830
145326
267333
37187
148022
760284
814480
144427
486233
210011
669474
21552
129827
35612
31295
109438
44303
148776
321620
44525
39176
42445
44146
62874
93079
153015
330275
125484
402904
29519
138760
90038
72878
23885
95158
119340
195653
53795
113619
108655
107465
17079
636528
26909
84735
495498
21723
39984
15607
46396
33233
77682
70670
36757
36186
446524
18681
135562
36702
175541
640430
728149
46984
36532
39979
148025
133564
143326
146155
387736
58240
118970
141824
28557
237628
101816
136195
144527
59588
142786
19723
20496
40484
75680
52501
73446
67549
79171
120500
387194
190343
54171
353734
17076
79146
77445
70447
68706
56434
127863
19508
44840
797822
73569
113858
37198
100892
487331
259109
110763
140056
70132
63406
25116
88681
63125
244329
458662
100557
293875
392468
47317
106370
325267
22953
754385
125091
141661
46290
74633
21793
46812
398970
63134
45426
74634
46032
91985
33704
706305
115240
844024
21462
44804
22953
140403
397748
873994
569998
88120
44264
23137
47035
343237
109356
558106
95074
177064
28065
132558
30514
88713
171430
176193
40633
316170
436201
216792
816698
191212
76174
104047
36145
18028
133056
899279
495784
50861
136726
59150
33085
125572
181489
16005
26092
42862
415078
641201
66770
71931
88542
307148
73293
33333
72769
44846
182201
174809
95352
18968
311500
143960
381516
22747
37828
18371
17139
99997
41634
527904
32380
93993
657768
575976
73640
75261
93911
125535
116693
428006
18513
76310
69049
101834
282821
780448
142368
407033
116681
139092
311514
42730
49247
30985
355199
97963
55966
56506
36311
404035
70203
750406
97029
353827
214811
75876
28087
35013
20626
398463
18382
136788
86168
112788
35196
91516
78299
147690
81887
119980
21588
117442
433393
16698
63830
18849
44014
561259
104088
114991
75192
106949
77103
44395
116919
24144
370270
118117
148270
226224
146441
117916
356711
126369
515279
18352
25128
92617
87958
191632
308730
15808
137691
43715
108060
98907
34734
77322
128088
143805
42143
148199
36252
103364
258605
130747
126569
244373
146538
241548
105164
470617
137633
492506
43220
40725
45080
50501
71120
354726
388729
139268
36077
48643
93500
51171
83632
124279
41049
442809
90588
32337
49962
649389
141805
136431
25039
31135
268409
65118
631736
92397
189697
331771
219183
85861
76578
30216
118570
116108
100779
149392
47798
76306
108066
146381
127555
49860
146678
434952
117412
57213
802202
127827
144691
728585
22435
747197
540126
103971
56600
138375
27600
134116
53456
49911
22559
20923
63463
299239
109868
871736
82976
741650
370734
451604
47717
455517
44371
213854
36973
19417
880743
893183
106842
49676
190756
57442
67325
48776
36527
714107
20417
131353
197595
25494
737874
60820
17905
20979
605780
98607
129366
884995
60358
23410
105568
31423
107431
42366
17638
45947
209331
146608
316004
24049
318026
117845
147475
31532
31860
32141
166567
22564
244324
21989
48365
39565
88591
34723
275338
135825
100419
71861
417610
123648
175707
139862
134069
354464
37219
26641
43716
69809
55597
34376
47669
126123
18961
600036
31046
89627
109797
94239
122035
872379
26514
31247
104322
569164
19282
93479
528609
821844
67985
129830
137097
58303
29267
21462
35682
149998
30692
230078
64729
183224
73996
32902
23946
266468
15291
37175
302963
829172
22506
138725
336030
721187
233834
769139
134849
148000
438606
40814
710258
24968
296220
21937
86292
40146
239491
94294
85269
117718
31048
129552
30650
144839
269424
141296
72100
195508
665597
18316
770651
104530
394159
46015
60278
326097
122755
76078
33634
34092
28689
43688
461940
853267
24584
469210
65192
83527
145946
894558
139574
399515
22100
78092
142341
113192
22267
87227
103968
658755
78158
79216
853061
662583
238108
51568
144961
35021
46417
137195
177824
248978
676997
518251
41755
305080
20164
308004
80340
834458
44524
26851
19081
140508
746546
227267
46081
398245
342133
46486
386150
48275
76256
129375
636398
105279
453007
443406
131963
17908
60491
67369
128945
70490
264299
107262
143406
648089
21312
45347
351133
25539
52454
80267
38788
67089
109205
87568
115623
31457
66692
30593
31151
96568
414718
115821
25821
25110
48695
139675
721252
72019
52441
16067
80476
126736
87052
226059
38976
771043
692802
658680
79359
141249
568833
48930
28118
116317
34510
102655
254871
205978
26917
53419
20418
117182
15168
187352
148329
24232
136970
74614
82216
16270
130857
286073
319830
106140
68005
240287
444784
829409
43774
28934
39344
533336
44730
141846
273335
29099
32700
133825
50337
23837
58784
372721
30573
872971
48281
468847
209077
101564
295673
91406
441583
112848
491871
34553
388234
32380
48324
129737
409673
73970
111087
144473
97775
25322
145303
694460
61953
45768
99425
30528
30167
62623
149151
137994
163001
63277
441407
24268
42409
112760
103195
549062
81006
40503
33715
49567
18948
19917
67885
64020
256353
130132
499578
34100
80604
309427
70080
37768
107504
260739
114487
44143
77360
47773
25003
43036
47954
38982
28055
149678
22044
142085
71517
136183
292916
291165
49807
323809
32993
23099
27352
78488
82755
34213
135398
95944
72974
129824
236059
91481
234832
49261
123081
626026
91463
640761
32359
31268
33881
106439
111172
419415
15628
65718
114107
24415
431732
96282
351788
632990
71627
383968
72350
34127
339400
42301
450041
58889
34283
30002
44957
28325
124799
121254
157999
16640
750149
116495
38492
24738
55611
436587
42759
91629
26888
45762
24758
476760
433184
30792
54074
130264
239593
24357
99515
410960
85554
496597
28211
269304
120973
252586
86240
16689
31371
235621
135011
108408
225128
117862
44819
41544
131686
115405
20957
101741
221516
403479
54947
413051
47077
33001
678017
27050
59966
887685
389173
50869
226219
110175
243898
15896
20179
100015
43820
125833
32223
50236
46495
111825
77624
660195
328972
254469
57150
141440
89761
69149
268354
629822
107368
549538
122359
182722
480024
374376
42862
430191
140770
120245
26263
127841
49757
94816
76942
444906
44277
74902
288761
27453
426504
440386
39603
77113
73563
373296
31043
80491
106950
127861
59335
129801
319139
106234
285392
31390
126824
216876
510697
39140
366024
100794
32590
101082
44964
133043
79191
81712
125585
330494
100578
110388
113319
863344
540193
184271
35153
132800
156272
37618
19919
30682
125355
362108
605902
139765
808276
741295
308981
81140
135106
26308
99573
416029
39570
230471
107068
211114
16747
15615
132324
135209
143626
393278
51488
51661
140068
299099
68341
108581
118565
222565
52137
43151
735676
836380
131621
133522
47806
68399
770202
21723
186385
120306
380512
141458
105770
219580
519401
61946
78500
413918
37471
27293
96599
760546
83082
103067
759087
110162
21078
117148
27483
133769
69751
33850
297985
131034
633974
133666
43223
872017
48476
495920
39187
49765
477922
78682
78914
54899
52799
569331
256017
45071
92154
73039
58372
89723
48231
117351
71612
63236
761727
145485
826473
36931
30861
115482
378626
31408
27742
144159
35888
119723
47686
126390
474493
833156
17409
23295
273813
367077
35444
405594
77771
114415
378251
736711
45200
429370
112295
43249
30842
95654
99682
355170
92747
79254
43562
150829
83361
42474
749178
223371
27440
786868
35423
50612
76586
144893
25589
135390
36710
42807
461286
671747
770725
418712
874494
29322
18295
307376
96770
34029
103857
76407
49971
18129
44524
30385
89107
74508
67626
133085
124633
760431
45834
85634
461244
97070
22183
45465
856852
181073
24893
488054
42597
45996
20154
423193
134664
45856
44495
240937
84224
17537
86189
18377
105550
102880
274319
92535
27082
71545
440705
58855
403890
136155
143005
243778
653823
86243
104267
72834
20721
123900
443225
316978
383215
588477
42717
708434
247060
118844
406489
116156
123274
29133
48158
373458
145669
88220
765466
16026
156704
227571
26791
23588
523643
74689
753174
118040
64586
71941
37801
742444
222884
468759
91188
91140
759692
43133
513612
73426
142641
41613
37092
132675
198825
38897
220541
94521
91935
34644
128775
36218
77097
81371
73307
91089
242366
56367
70569
17688
35476
136773
565583
759077
29023
745612
109887
44736
717220
71937
41022
297311
205537
42759
144019
72150
446345
64856
301763
764109
71680
42229
134321
251479
51218
186917
115326
377926
24670
57267
618430
47225
17122
113168
142366
492290
424267
18665
32193
690492
42238
606507
460749
76038
62872
41193
137989
122309
124036
286137
21251
23577
74106
334656
453003
31601
40469
67327
223098
92839
37118
623700
93394
806356
325694
547303
42722
96031
118127
122495
35067
597040
39904
26025
40090
57994
65891
88231
21985
399471
629058
695853
111996
294294
44556
143207
70767
133628
21098
84250
128205
17853
407258
169422
652413
145177
133790
32529
471896
135906
122560
20271
19454
24597
149882
35562
99161
27088
248241
52442
29486
748961
187185
135999
548524
174014
112651
38723
346197
116445
31384
97484
852091
311629
504125
48420
24540
722184
235379
286972
112461
201960
66143
101663
290173
119964
43210
411043
846858
23010
100243
20610
31745
101499
725489
40009
16130
263679
35094
28942
883541
46828
27178
35718
144921
302832
44543
73210
107916
23273
57642
487295
243454
120191
118577
25899
56417
410842
82606
92209
31425
42262
804308
429313
41130
19071
318016
125362
19560
203675
36357
43303
65651
141577
29021
100748
146361
209684
122552
90724
46849
48905
42696
56020
20862
466296
80280
118243
81299
596333
57420
110957
79568
142241
424632
86043
672312
345567
131339
847676
121646
125062
58302
134747
77126
144953
577921
313355
35481
98178
791334
128420
106912
131291
89468
127297
57687
25877
95444
610661
15102
33080
44621
232709
172448
438942
74216
381791
146459
462540
248785
127847
101496
125008
427264
37621
26034
32832
121885
212903
42493
41635
89563
33550
74885
133859
140210
361916
36786
322927
44415
133056
264230
149182
143709
15506
722778
90909
30855
74135
564109
116968
132212
33800
30080
105847
35000
250950
752244
20906
67974
141548
30817
79938
37666
40138
24684
34625
504129
341675
30783
345515
226927
434394
452723
28362
451041
614300
489254
453963
130869
108857
48992
37236
49356
17082
22092
145680
63936
37274
24121
64861
263770
33292
327814
196736
134183
73395
42127
98119
81503
23738
29473
49338
135665
95033
28486
43797
419958
110459
141996
553826
511049
20582
463661
218109
57879
112241
130152
28826
896712
80080
579914
197466
17996
558978
450344
22448
495753
57870
306917
425457
30003
385312
84101
41738
609964
22185
69074
150455
42119
137852
115775
22698
882328
62623
117803
49439
124906
45129
38004
39596
17399
676601
347013
124404
849904
31236
20554
36654
304238
135180
30626
130770
839303
108374
43636
18490
23743
72281
24409
53778
275083
52588
49533
720816
129818
146426
69113
28242
643675
22472
54976
130865
282704
84514
43352
36618
15162
798077
82702
23203
57114
63971
382900
84518
36015
183147
66881
96946
79810
377894
248686
99327
439434
70291
15037
17899
40307
17156
98998
24454
246607
853949
120209
31203
38476
501613
128676
100586
34767
61808
34869
107048
138408
227115
876117
104141
120269
114331
90621
113897
21140
410647
442098
195982
635475
115484
26120
47002
44622
15619
33562
86652
466577
45006
368606
365038
32397
18365
830517
23661
132604
24988
133001
19532
23980
46205
47481
143078
634452
91308
471366
128648
83331
381272
176902
129499
19818
251565
17464
21698
31623
26219
24010
122734
91587
86823
709548
306470
136137
53865
67615
36847
28901
78258
522989
61981
529596
92414
143385
20414
710922
40524
130786
26702
32623
19496
459006
16123
55694
49497
23671
102859
133477
88249
117055
23272
147747
244797
125535
457852
112141
133355
60958
145151
129683
49658
300569
54966
892295
510871
840358
16550
38714
78941
148974
164913
55048
128168
466896
16609
67300
87290
521387
46952
43712
348075
454955
18759
20172
82984
136653
30514
686920
345814
131951
411178
22204
21577
25292
171576
865699
28370
519408
105289
22382
84209
135404
97014
125169
207089
367661
161554
409361
60209
255958
26435
438540
103430
101880
335386
308150
377672
49810
22542
138754
315932
96862
26696
399683
429066
396758
541515
28576
140902
383549
44464
225309
855818
73205
21120
29628
41632
43130
27912
37991
22617
128672
484919
530804
20042
300375
47722
187616
17928
20557
56254
484905
64946
15386
706659
115812
69841
34610
31806
148327
60481
40924
326001
82708
98791
574342
43780
34657
81360
483577
837867
25316
200596
33005
43956
140907
19165
45692
35777
29451
115861
146615
144313
23157
48775
594687
379630
286529
159839
33536
259993
480625
145399
328319
91911
302916
478874
104520
27331
46667
109099
36740
862706
28072
99007
95839
41504
101793
18646
127995
142290
456277
263479
43645
24099
83127
86100
39867
100941
119656
869298
387210
284919
367900
17455
82601
143407
34234
606724
59568
313830
39283
159199
431526
37187
21451
26419
563992
70579
182709
111511
92285
338843
130365
669628
41064
183533
82750
64802
347309
110192
643942
382666
461500
460159
112531
140407
756041
121856
33813
35733
221790
86726
98419
274731
45018
38449
731947
260018
18677
23895
779299
728660
33965
112004
67272
85228
463334
24886
77708
118680
145526
46978
31864
178483
42300
139539
114666
41189
65826
424266
51846
47887
19523
84401
340287
48455
39260
117071
17971
109152
841593
648350
63433
24777
466236
158195
131666
30973
35673
118663
72984
44994
87983
81279
38700
24447
462516
690545
31409
531827
117609
20229
97203
49163
80299
159265
65438
23800
116087
144446
25771
27756
127538
97119
114575
136521
29446
25466
46386
36015
130963
151735
24563
503044
101521
59553
37579
111975
106281
31733
126639
412086
110561
99775
383819
43952
98742
74980
17841
146742
38253
44446
481493
121106
87476
105083
626763
134853
604588
25433
643022
419211
140518
133343
99900
46338
55221
214363
75363
118090
112237
126305
374454
327541
32479
54727
25365
81195
216491
100935
76620
690316
94358
366319
138858
108238
43193
149318
123421
51654
329722
459623
165201
85630
126757
15340
83775
18513
639786
116901
33621
43981
20684
107733
46201
27621
529117
24321
33929
349548
145589
42942
630191
91374
26432
29736
399213
79717
148098
66540
41011
27280
59813
61540
169606
65474
134615
48248
330154
116152
76172
887335
76107
212461
169253
108067
67500
98800
867663
16600
638002
126416
847843
656525
473455
44057
80063
20005
62359
109906
80498
171003
451973
27439
113134
116144
88603
59024
83902
90981
155924
82397
89968
434442
57926
689126
53417
69918
44473
41926
19585
395823
83264
19871
79838
21401
116477
57957
134300
109323
876286
241939
298514
207014
66763
858778
74968
99922
152252
194493
479935
17860
148053
49887
96628
43969
40928
16096
42063
241758
18261
314774
453088
89224
109867
643322
125484
30344
391431
108541
342646
70316
25902
104601
30387
38080
594671
48447
135793
15967
62416
428105
367387
47460
209164
348659
578624
40389
83245
142026
214904
120575
721442
891347
146385
372347
43504
84049
54100
102151
37122
111760
526698
49913
729697
106166
35249
372668
112425
675034
632845
37328
144541
70645
49345
68986
134671
34709
16025
703688
16880
79655
120505
89954
36856
39718
122466
61240
590953
109130
375801
287719
38127
244266
15691
29696
33750
32300
815219
48384
209939
332376
16891
167848
45437
94743
492806
148956
817622
95259
27261
130353
56015
70870
518803
112205
75752
414658
34689
260020
880587
701063
44214
153471
22296
132115
62676
49996
92066
89835
605198
54697
193564
24943
49664
129378
24183
57129
690241
44473
108314
34845
164104
28448
448244
605560
47438
201513
79506
757345
27601
851935
87111
98547
19116
489690
72362
20323
84979
80267
563252
135592
153215
329412
429195
96935
107659
424390
129823
584949
383771
123567
271475
479766
659862
437284
136603
449550
19196
123141
355562
60199
36791
55236
156392
68142
16767
28883
35365
42467
146148
38562
113647
62730
78242
84472
105924
16077
128754
323917
37803
138867
144504
576103
104628
209537
127338
104345
38219
22202
109315
130376
75699
55171
32181
244004
33756
34342
18087
63625
122265
118281
125304
27578
62056
132743
259177
390146
167004
22521
345462
133479
478473
793510
153447
61852
118252
97601
33466
69604
140342
37483
437556
238460
478830
26510
37872
31217
128957
598143
148146
17976
124977
136462
672715
94223
127243
23963
185829
375657
109760
109664
44807
44004
46868
313582
92345
149247
92965
22459
208115
444983
110403
48308
97693
173901
764526
87003
32546
95040
99363
20038
140248
317327
48046
46735
39654
511659
67979
62617
75266
184984
73481
599281
141842
142809
19402
122121
314920
41191
293465
56087
297544
67242
463341
718324
830071
608322
505411
717316
98375
233761
287188
19981
32912
59391
69193
43411
168865
136097
76813
387580
507401
210852
58080
127277
125458
77628
33250
38064
237871
92625
378519
17903
119952
125500
59837
294928
31772
436965
498445
29722
273365
133745
27503
324238
108991
486730
37634
459573
477793
42373
692729
313809
35952
69442
131963
31160
138919
47433
435800
136957
56369
810308
122086
452912
15776
41758
55176
148492
399583
33421
859299
39217
145050
459416
423860
399701
228104
121072
561526
29951
60987
303706
91889
831011
136733
39457
469853
34846
490500
29098
33918
145052
291729
611357
19337
114283
21534
48404
128559
87129
50013
88558
29238
314889
604158
499131
82130
240040
28562
104263
143503
496380
39074
65644
57329
42460
22664
30247
56958
108488
102506
38529
276772
747635
81218
103102
32988
136106
38394
111790
123491
117863
30297
31003
25258
46734
152397
37571
46102
42086
396802
90757
162426
65024
335522
73149
66390
75920
339302
72325
577913
100011
82535
124499
102220
571352
125514
265928
136859
29912
249334
61709
412905
237016
18908
98841
381153
66810
838785
39962
51198
19142
64465
67198
80306
34776
132863
36826
24449
67735
115029
18010
39165
18286
706033
129778
40302
679173
135951
85706
124324
621586
45570
35380
31256
102877
228905
301969
510291
53598
823352
93599
260981
76946
66390
373192
37607
20320
292343
118789
44800
821353
108734
62500
494251
451541
145346
406322
392622
346888
32909
91276
44486
123282
35590
227773
113312
25090
59290
484540
67207
145312
212179
789789
26759
159814
54949
483742
145991
96914
113239
45959
98820
315786
32598
55700
523862
17507
411979
144410
57098
18796
31223
473456
94971
166827
27524
141439
113274
66151
97088
266580
54608
120301
146591
117046
623450
45302
775784
147729
129424
19872
141243
197536
36496
121268
21416
19399
273543
460996
492787
137233
118921
200507
103032
33210
45241
333668
723927
433405
115485
31986
101001
122870
118983
149022
56904
41574
459611
17022
100704
228233
80929
124426
107985
61407
70288
63169
85371
71892
93333
49973
109194
68112
535269
889131
450785
309339
728270
48749
208179
36770
283389
99614
89271
32496
584006
35212
39928
35622
48349
120276
788729
55165
133929
36048
77724
25317
133635
45257
20283
23890
178854
39928
827057
22835
40687
99733
308770
743614
507275
138303
90780
474341
664481
202221
49371
42925
55483
373591
38632
144299
24068
16722
558675
34019
400952
124300
83030
16897
92027
38122
61666
47191
42936
124715
17423
669042
251948
389572
127015
77396
34126
147502
114350
137446
136773
292323
410901
30915
48724
29328
146085
308397
409951
33217
38972
98019
126889
656227
43809
379669
39893
32527
334257
126987
386930
258862
126270
138357
29908
44755
192183
64750
492797
53434
585428
148351
27252
390058
56638
462619
716237
143002
343815
22606
84518
892364
69327
338895
37925
137487
169335
39118
434393
746988
33120
195338
97478
63645
57807
78144
248752
633780
71410
612255
325738
30081
40216
36071
453113
61739
55298
83792
20959
33064
29127
76048
826025
832361
42296
43174
147596
88394
62944
25144
111624
102633
340067
73508
498747
349028
99178
30486
49101
119049
407146
131157
60370
46758
55738
68662
82860
72912
853953
121517
143837
852112
79110
133473
275113
228691
543114
85204
56462
19406
20526
75363
885818
21369
301953
19931
368221
105005
37362
556002
152270
21668
138706
72651
67841
139695
828236
86900
499363
124128
107373
103283
113945
139832
134071
407804
31476
839535
47519
428872
40936
24023
106284
124775
22498
63527
38736
139882
102096
137947
84736
47152
94078
30194
126063
139953
35899
37910
81761
406556
33973
111123
67330
48467
453408
197569
82347
43866
314244
508329
52858
410715
657753
85387
446193
405135
49773
706023
100207
141588
78110
115192
148597
118720
440412
588236
89170
834994
104968
27552
51220
374041
407980
24897
45631
110303
51167
71738
35753
769147
40948
139209
39507
79821
29313
32058
148677
41789
40458
73177
113036
124871
49794
123707
27210
407891
171014
346735
494944
533779
78753
381703
47361
21489
889488
46600
54269
36966
17775
864883
85168
489630
32049
30256
778431
658601
45810
23315
146577
58451
406499
102184
34647
89949
136363
95524
210732
44936
114479
301191
401545
47399
91663
698044
186496
786128
688243
52982
274753
33940
742477
145300
42119
285294
87305
103646
681805
89180
521562
127832
211975
775388
21711
47758
41320
798546
802433
724255
66237
129099
75967
310692
27636
710972
51277
48954
89875
17772
41093
47722
137798
96962
44720
42188
22907
79662
34335
147304
76466
136899
33970
49584
34946
388547
106041
97152
697825
18326
32486
123157
581954
122155
30889
147569
63091
121787
66060
128793
80146
342117
65609
23414
135200
30633
131632
98975
484194
17112
671321
192322
55560
141521
21010
140969
22146
92035
235000
335138
506976
113528
58740
138581
21104
99970
36843
23715
657036
146073
301411
764577
323285
122955
117014
27491
62484
118426
76468
46638
88655
23432
225020
16335
27656
118126
126917
133963
21249
451297
108086
20367
17550
112356
40175
594566
25484
44971
145391
99596
48270
18419
41401
83439
17426
48733
30681
29785
55594
372211
90509
97291
252612
37126
100158
27243
102289
73771
32610
495269
362697
32368
715124
136586
41113
21124
61152
26813
67866
156084
611649
366987
22597
440146
218272
46047
25816
840066
55530
38038
201199
68352
48271
33694
833790
16276
41378
38690
45075
220574
77216
546694
308105
299128
109465
117301
301405
35269
23180
120686
35343
54006
27915
92426
119394
32509
353073
67710
142124
79771
122790
67390
577461
139960
425990
43265
73415
57554
15535
82944
110777
242216
33676
80540
32332
17510
82054
58601
45152
49879
82632
24065
89919
131626
41502
27583
886813
93722
108828
47284
41099
16847
47661
98525
32370
313840
17863
27336
238647
46162
441026
92234
41922
79879
336639
96617
38563
61051
139838
21723
45476
135779
103708
115599
67728
67908
25353
21499
195775
123813
527315
33814
43077
15232
93482
30466
282067
126811
755183
139515
83925
79273
123052
830662
118691
104932
799355
46546
105113
38012
104047
16859
29594
514525
746905
135324
23558
496515
104207
125109
35852
99016
47019
55755
854896
625034
117988
91775
135046
478889
41252
645633
106615
82276
136236
693797
303231
123473
22010
92288
125198
379985
49695
44419
496415
485453
43029
29609
278320
127372
97027
712385
86265
141923
40588
96772
767729
86682
74893
126373
146995
816415
597801
22286
31676
122629
24656
807867
473127
387490
102514
782286
39706
231468
89366
404154
111350
120329
755589
422991
460948
95108
21099
45716
51093
17361
81311
126752
111707
809875
472767
93459
192446
726130
105364
726980
471527
126726
101852
315989
43089
148168
860110
541993
19308
31542
138064
139909
128019
114442
19860
138504
35524
223174
115684
76925
43980
639018
51091
147594
571529
149403
45006
20168
351413
24482
21122
289690
173187
425594
115850
25732
86160
131676
62713
67049
28576
34226
773657
27928
70923
584586
471128
373863
45119
35281
29373
116075
62194
33173
89164
21678
96169
120856
20041
18440
27864
27172
589059
295425
350779
40995
20753
17870
29008
84620
50943
107345
437774
30642
24571
138251
98680
36088
30335
17636
37483
320988
141844
102056
257690
110667
39369
35752
899495
18132
57993
88559
40822
96850
226618
18631
580811
303912
80509
186753
135710
598683
454150
603949
163074
80043
701689
77974
607956
454112
271018
20775
20594
404882
32407
472065
72104
48516
129350
584067
224217
735903
453893
89603
862117
78040
657239
22930
61940
18699
26231
91615
45534
466480
157532
60740
169853
652450
139923
141858
30674
56828
383443
330838
502164
391720
111728
133965
81497
166344
20569
230753
18972
200994
327597
97721
82859
105140
20613
143636
32519
59829
120485
124013
82582
568262
146745
134672
113859
30749
115851
16720
33649
27192
102966
101053
38009
880956
127641
21193
104595
43588
100015
50618
471096
143589
27572
117761
665436
112695
822347
137591
184635
514059
418325
279318
325620
86978
304957
23275
147114
119686
416098
71803
29037
27857
17473
112015
90502
41813
97090
226101
84484
114438
168643
66962
167627
133387
61704
63273
32589
461578
126545
212697
623010
244817
120957
123681
51611
235248
827456
633330
295812
51111
15185
367325
17565
53374
567042
15227
148081
43855
562135
63502
25101
103858
103005
36123
72899
496281
51104
142424
79659
101774
68323
23787
30908
36957
15973
351549
97330
67992
63056
112181
442968
141365
121320
82779
48247
58669
26748
41982
41921
141005
141947
28079
57329
144737
586500
70790
133139
143108
89385
101214
143350
57363
68567
40102
15175
55398
124142
261795
118338
25107
37618
41712
92559
48577
873867
135492
22310
86678
420610
71320
85888
97944
155386
120089
117741
337378
83903
87365
19679
129296
769883
19855
678958
42238
45044
101098
196372
141442
141813
113132
432284
463924
122106
81863
29091
140243
135090
126545
75293
208485
33833
664318
67537
34799
39951
22331
136557
72787
134486
96286
367157
39645
726382
125353
60119
737640
481765
149284
19409
38971
45796
49501
51672
101506
393383
226314
494101
87288
103637
857952
609697
134234
743021
44400
49006
33726
69482
60912
344208
48780
139319
19833
474743
433046
82779
309823
19643
91470
182235
44223
484942
132661
125009
27363
42004
26925
32391
204153
118491
43440
405312
17438
30772
538303
87656
115841
19496
15912
44111
42767
165239
36490
277236
20567
55993
71401
17352
78546
127293
285220
33438
70893
100447
117714
36639
730682
252945
707093
48625
47069
88569
119042
25847
53698
145244
40903
260550
118242
36118
38848
134995
100906
195965
24150
86010
338005
304465
99993
26894
51110
32343
814779
94063
670980
198487
874113
22694
137863
165868
485721
123072
809508
437107
21338
362526
63454
35557
100166
63622
139229
82538
42475
23519
29238
23637
137305
82657
88738
477761
827662
550391
766148
402443
78759
32261
112958
179223
78940
20679
123554
332912
114170
54335
104163
34736
125221
144842
124357
23352
85911
41148
264964
115391
55211
299552
17968
20161
85650
156401
113247
130214
105978
43956
398729
29453
29520
37507
410255
185772
343580
70013
48919
30010
156763
38526
35507
28386
70353
219221
74456
55505
113783
62184
113807
156514
138130
149558
761154
721531
107638
188231
55476
18051
839897
357644
49588
112540
18930
42146
23149
121940
867325
89172
63268
124965
116266
75233
453109
22547
42651
123832
149808
411839
28031
18367
369033
237705
149380
567802
129347
32561
51494
737623
35241
473391
387651
71207
39540
102462
44489
130690
842919
57604
466901
30679
221258
38477
209186
317887
63206
40858
114298
39883
470903
583550
665932
288093
127159
56323
93407
46741
34788
103904
115383
138237
470598
39903
67189
32155
444743
105024
29352
24671
51045
124926
43889
86303
391824
143272
44986
24798
118418
50836
36261
60745
130751
44625
47047
30765
104326
71822
101606
805947
35572
368752
115804
327884
145452
22578
441854
32408
318234
85383
48271
200166
51268
63727
70153
36859
135945
609169
24215
21048
667067
435062
82749
685757
47461
108460
25848
844834
103144
39847
108336
29715
115908
275438
47798
54393
472958
94915
274717
497400
15344
130257
41267
326104
304750
493808
845334
21127
39947
427670
112470
148379
201380
95626
246879
342398
27964
36109
75116
42252
37541
165584
140894
104998
124129
139728
18552
472856
34357
20997
45450
357812
127437
122366
69026
94360
115701
26473
16913
793371
49382
98423
143021
36602
49034
475518
47369
100663
46759
36420
454646
419871
80887
651001
555612
864491
42997
404923
351737
25166
852150
40414
33585
372703
476090
213336
350890
803140
71095
307436
814617
476603
560831
135120
37896
204747
100869
200245
39671
398822
22610
37596
33539
384441
428551
43220
39048
150715
101685
54542
820866
112022
35926
73759
637259
135141
35610
139074
138941
97308
109252
756704
95135
146682
489550
31162
139702
251794
19786
47471
44195
81552
890049
102150
104701
46578
24760
529008
404237
95136
63752
72761
843829
44914
27457
49883
137386
549954
83793
713013
45449
71911
91054
862106
569838
37791
243019
139738
763950
30981
29846
65445
123808
195152
145998
244065
149385
177503
382600
46392
807064
120406
36243
144949
122687
148018
300244
471410
136737
823843
34390
42261
39837
302300
29507
338177
20401
313653
84788
73804
37070
21109
578251
37156
38666
216529
25014
56464
617696
243749
447383
443618
467030
20178
135905
219489
751583
46649
134830
145890
230881
61508
51700
43683
119244
522142
121234
126638
479251
68140
22507
221186
470459
54245
22353
38228
87314
61744
22468
19853
800691
547347
219925
129196
40162
124900
59662
47465
67452
23569
886525
22476
23456
23029
37044
334923
453745
32919
33983
860431
24284
59761
26481
145200
83203
67648
356995
139418
30435
58368
38218
243287
60516
41092
20501
712791
107343
43925
98115
132914
60287
28803
43566
133649
102874
113408
342105
368029
35269