48976
41957
679640
399568
103675
91880
85059
855239
232709
369947
41064
23992
28159
41215
764672
131088
115383
34361
72281
32182
87983
82842
17455
334950
157605
17976
135268
489550
418325
149022
161439
122687
142226
37896
136737
43981
95917
135046
89122
144406
643141
22310
355854
179823
206431
56766
22578
234067
43969
77685
20501
250036
307501
15340
27915
69810
269634
136365
251237
50013
710598
37046
22774
144211
684327
544380
42767
34846
383215
895510
46108
45630
213992
153044
101062
589842
41789
110456
124795
138064
325267
39007
692683
899482
726473
65445
701877
31559
63622
138725
51065
120855
189697
290761
410715
236154
142391
39311
758389
195775
86171
45631
228905
72350
124886
833523
24777
458103
897946
23875
298350
56434
20918
172605
132484
732311
494024
113500
899068
360581
830359
84525
298357
80080
707254
591376
738067
94360
285789
88746
70923
32777
93287
281434
121940
730901
39196
404923
436868
489830
881611
44524
43562
250141
412275
23037
16359
112964
95654
69113
44420
33173
104267
91698
236385
121848
45731
120276
41612
44723
365970
145803
128251
44971
161822
124036
34035
120973
140902
235874
32754
241514
345814
83030
292056
360570
24284
644160
302413
55656
71021
368556
48019
24160
34869
43645
622548
134495
45996
106848
179223
140342
15162
137774
890993
42861
63514
146111
41320
40246
27984
35153
328017
574905
177323
356033
315945
91054
80498
96096
54727
135011
16682
381947
17082
697701
592897
342646
887352
414109
217213
469974
663711
326601
41362
45437
810657
33550
139984
759824
147800
706980
390797
186917
77401
130542
55137
84518
72940
738186
48248
340703
894246
96549
499730
45556
678604
73742
855625
145141
89949
314108
605053
495269
143307
25467
574691
66456
108874
105113
124896
114518
17426
89723
565836
18994
24540
104652
766076
32181
18890
17033
562175
489271
216529
126736
411727
317458
29352
139894
28284
30682
44446
93284
709880
86625
16952
113168
21503
32977
123660
28397
45847
28182
230078
366319
129270
574660
109078
64797
110439
143254
742585
84153
99988
125610
61831
132863
375657
91682
222349
62056
42460
46170
48308
35572
243329
328917
41667
141121
44799
693770
354447
439789
39898
146662
100912
86671
138237
136733
61508
25315
140290
121111
30679
42627
55377
130493
148098
205141
611486
69614
26795
111511
64856
789295
227461
542892
126100
78092
663153
491593
60815
88664
79959
31026
77298
118698
172711
392622
41193
600408
108734
74135
78144
281797
139229
36966
80754
462619
57835
390058
102056
743410
24670
386711
280865
131601
39504
68097
118586
383771
65432
575679
91463
193564
341675
535864
25902
120128
23715
399178
120969
47394
131353
16746
373356
38869
760856
35622
135180
172692
239059
101492
113793
74106
564136
29736
16757
57532
80280
82540
231954
19934
40558
56956
291398
173154
863448
38809
44621
56964
18014
72215
52943
48201
489897
272152
779137
15232
828302
40606
593847
465563
44949
425410
47089
24171
35269
50539
33803
86584
83527
62572
103195
33725
34657
393979
37618
479448
113193
95158
146911
146207
140457
140056
93427
102289
64273
109828
233550
148666
414658
449049
115226
461436
234832
44473
899340
747467
18010
108307
55530
503742
99775
196736
40361
46741
130968
731693
314318
772077
22542
789995
38911
57994
102151
716617
22694
716035
344460
71927
41260
58784
114554
37516
57121
19938
27439
336249
246730
29912
16093
475558
129378
560107
61492
134747
103555
219183
55329
149717
833689
15830
53028
30817
111624
703485
41305
132663
782136
385903
262240
15227
140427
108460
34845
308150
47343
647489
55327
125011
112194
300658
18947
746166
735333
81552
80063
374454
26543
53863
289567
139236
118152
532949
391295
39251
79506
32090
22167
136756
254588
21451
25958
17444
302145
68706
125843
89348
131981
47002
488713
197002
425388
282020
42045
473843
38067
304439
81311
47225
63268
783637
712735
66881
862727
125758
118040
50288
119767
50740
377436
49163
66810
118910
54086
61855
35423
17381
20552
208675
29725
19816
113036
15071
75370
42528
275035
388468
37925
89067
431732
179322
275438
135849
394820
55700
411154
268900
224638
37028
48044
209864
21124
24879
810643
70205
27331
23558
693617
589380
131035
247521
429299
72687
100243
139716
15417
894067
702769
39106
136099
216309
39917
134455
111823
388056
28035
146162
206643
21140
87908
20294
108989
32408
58289
30218
664142
88249
92617
93830
115623
378711
36606
201237
500285
57343
58128
307849
47958
327827
128803
56565
67050
148329
22933
26409
798374
714410
107962
47589
20250
109152
107066
37434
21489
80299
32050
27465
25961
46407
584629
267562
69559
92209
89627
56506
378626
34914
306227
34736
532508
754765
65510
640686
118865
262342
138581
301763
379697
17142
36821
149526
117700
411167
148623
128909
436338
105847
772050
45822
392477
31384
40333
472767
600888
174668
34326
61383
65140
43920
334475
34115
25790
744600
63912
131016
837597
101834
109512
309427
67876
658953
96169
95122
114630
43599
52454
144548
141731
84453
46732
15339
43734
111040
105550
42534
44671
122552
283330
544845
53865
137691
108314
58303
93480
41764
42190
505022
495334
393354
35794
148379
114000
36691
29915
93935
18519
605019
168278
27252
198524
112295
30925
33918
136375
86119
16062
98607
112241
69943
33465
39846
215717
743927
286739
149151
30855
94225
41191
31049
73581
80509
36490
201414
672609
861244
131143
134073
106907
380082
135090
51389
97926
717547
85911
551771
405589
20567
510372
429692
36453
47170
123081
89918
73759
873549
718930
95747
139900
125008
19475
96599
47899
97152
467030
32986
87305
75261
130432
126752
121933
72730
30344
101370
80476
84733
41401
63238
32332
159839
78040
41290
772460
53374
70316
58368
29501
53795
64020
100794
571956
88629
44223
496858
59601
47069
42238
64231
176436
18986
136586
201040
148506
108492
50208
137680
831459
18490
141827
857766
84250
504421
110143
21401
385567
453745
33649
461091
104517
43540
86914
408848
73256
20613
822153
223695
401545
97478
104100
515738
37328
141753
426134
60383
404305
25317
461244
134131
351063
230896
73771
494834
564476
84979
51154
104047
307376
64833
56427
406041
587757
833283
69055
308730
164072
47151
64586
19319
104001
135639
110459
67908
113114
51414
90066
446345
39118
53266
39088
29908
85447
156763
213306
22959
141588
127372
42230
127121
44094
167152
99887
64803
79401
85562
158530
65192
22529
63406
454955
42298
37293
152663
262206
55611
30010
119638
607902
133056
48153
71941
25783
72162
496453
645425
300832
141442
126811
65827
55227
124129
454343
17438
713253
22827
665802
700284
34798
31793
157401
142486
18013
259697
29238
39962
146349
30908
51277
146381
813455
394913
599277
53173
44716
827835
39435
23569
32958
18590
138346
36931
131040
134615
61496
69975
59588
129603
25935
599952
141472
800121
354528
563064
99841
81271
214336
132957
81727
281385
105024
63492
235750
360779
35557
240039
690221
639264
278617
643674
34375
631064
74103
104932
230811
302839
332563
625315
34764
721641
134496
99970
113116
47178
141249
147323
17903
86746
668729
84511
16984
463992
38763
35212
31265
41502
84004
48791
688697
26113
22010
16566
43969
122155
18431
636118
132133
47756
123686
339667
42413
33374
85528
49006
18312
476299
124357
82427
101128
190118
227623
100203
335138
23683
27912
391431
47742
476090
385052
141365
42437
804710
20582
26215
672292
194493
96770
45018
96377
608633
125247
79403
136998
471353
33250
45108
21336
15110
41560
129964
122089
100869
246075
42724
146073
19454
166827
157332
125728
349722
127297
504238
38563
102265
86203
565405
215105
113215
133559
76942
24920
803254
48919
90341
143385
36740
136363
119331
369712
433868
279936
43952
21534
555170
202059
40974
17591
404385
35310
371260
428872
125068
117761
173187
76699
427960
565413
120406
71965
79013
44167
51568
133059
23696
411301
504144
134342
27109
386442
24009
332094
862724
85387
175024
23142
474493
103634
19847
33969
60481
45006
175541
29037
502705
35590
40339
59837
133929
140508
109607
246965
72019
470866
128715
288002
527192
62730
463491
61981
489630
124840
82896
19817
135831
152397
271689
100344
772877
430661
228043
129803
99198
33539
16480
808407
719517
130264
40354
79659
729916
30887
127641
87129
103637
22448
78427
24760
39175
187767
815412
139537
24656
28774
91483
114283
127338
100013
127293
59150
39928
67710
29446
471366
521571
16808
43173
40995
17971
82090
76310
34678
15512
63502
131686
82702
73277
180677
62578
342802
200245
226314
36449
46731
115763
40302
280367
130128
70837
27721
70959
242599
214831
540645
122046
41497
868732
178854
18419
677411
651651
429939
235379
319628
68112
109760
56026
33105
104263
143407
838352
138827
37685
127062
77396
58080
139909
43866
74902
16518
695549
41832
131301
73645
100668
94743
93513
137863
632604
514246
430932
260018
65986
293322
600586
123171
71892
30566
37596
123700
658996
49621
96282
100869
30799
23612
23649
327062
138143
61705
58937
779415
28584
84227
24183
58362
40351
30004
128676
142322
98395
451604
212350
36602
71410
104270
29801
38960
125583
97827
828361
115405
457064
38709
694756
470459
84503
69193
338357
39370
136439
86265
44463
74833
71680
26603
118658
15776
65037
92426
297118
56627
113917
118196
89856
101391
80954
293022
120514
136195
88591
141905
75920
406556
83680
90680
96772
33615
89107
45318
195338
72899
117379
101748
28843
420212
103971
83903
109068
113209
566942
454308
56828
63936
84932
210852
659994
145998
111996
82276
134841
98050
16695
221801
367220
390128
25942
57114
634368
133769
298695
722764
407258
20610
28259
131969
119964
103055
28555
15471
73261
47654
141005
628957
115973
648860
481362
569631
33023
27503
186753
129224
40939
273801
395612
523019
65183
149418
46546
54006
383611
622599
61182
92256
99596
223098
677724
137767
127195
138539
101249
38569
42966
332912
35212
33983
102096
227566
29127
93459
258605
125083
851506
130770
62052
108408
100280
15803
319557
81400
24297
18295
204747
59553
54608
60740
107439
322715
82397
474272
83925
128633
52845
27460
40752
48267
684245
62713
107048
790721
116630
227773
256243
483790
481697
39088
883772
457867
36491
53269
411678
739974
141349
50861
81149
705447
603221
64819
244671
26473
251615
698665
404857
43552
784078
161554
73256
25187
76620
134181
148958
49475
44076
147680
35106
36363
106439
94853
367973
302353
363389
55048
95352
57957
145669
127442
191011
546992
132615
15691
85168
116047
86726
87055
73210
37362
494985
20005
64254
360766
20721
18367
87374
20175
131666
136014
424267
139464
104628
64171
678679
389988
24449
24388
856873
135521
361767
356738
205748
41017
392444
70767
34681
534319
221790
409087
816319
139072
49789
71956
113132
419958
509786
23993
60203
118127
101606
25350
105083
87133
32486
356995
157275
25442
141844
899752
15386
143108
143114
250769
233155
17886
654131
37991
47686
25028
110424
53419
282067
21586
136624
38526
135083
429370
721996
548365
37507
556627
61553
91587
91089
22459
47615
48122
48341
870655
455947
30357
67242
21338
139675
92905
151942
298089
390319
105898
227115
363185
52137
360063
86010
136284
140770
131664
121569
790496
242731
37699
72990
199954
44729
77628
339126
607645
38477
234949
123194
46350
340836
22286
57114
65204
219925
21251
505187
24886
33756
609622
38038
65507
89271
106284
41252
87365
149558
30323
294928
19165
327541
43411
62623
268851
419139
440616
32219
135855
41022
409673
31353
46996
145589
100015
57420
68209
50865
145452
34019
47492
870881
38004
266468
117923
451586
301969
72006
59515
109323
78468
322027
141251
23586
97484
20554
97087
121899
325855
18314
78390
73149
37092
424026
42493
470891
74462
114543
121259
100790
25466
141858
250427
20414
68215
34390
376130
420615
97944
20854
205266
125752
97852
123141
652346
68874
77595
18440
132115
49034
239194
69602
24068
256724
71803
62874
110126
134614
41113
50610
24835
54338
32193
194534
471096
143951
459623
340241
49584
271018
463341
71320
21397
31203
61472
85861
72185
40771
771736
124570
70196
91223
24194
130740
136957
396546
110303
35481
896656
37859
306054
108655
87708
60235
100586
496681
102150
45716
146022
656218
80960
346888
103563
448403
302450
643290
44473
131682
27440
179389
32485
135915
612059
440705
47798
98467
449030
20320
743380
24820
56506
23273
31003
16077
83547
113226
257690
36614
24764
270514
60216
113943
105344
108488
122121
45118
134927
219998
27336
301072
41189
218804
135209
90757
367316
230623
131811
87275
136530
108611
36596
28541
544055
45768
75293
125585
311571
143837
77771
130018
748175
45802
23879
22484
49337
121138
59338
136578
364596
374473
43991
40993
36258
130152
122135
43620
21511
317887
171576
460259
111562
235621
470098
20550
145399
39739
46868
741068
840314
118598
20247
771169
46638
136834
443999
133387
471844
118691
355170
42103
136773
116152
109559
133343
23986
50464
105975
33254
24175
75313
52982
40289
21344
98419
38127
141242
17352
16130
165086
98311
82755
697864
101793
610547
35777
431313
40844
26754
369270
430191
326097
45444
24479
75431
34569
41386
595137
112788
121787
126889
122629
148327
35580
65337
236059
77484
30346
145151
45473
127184
156976
41545
54698
26526
66540
61377
25196
31704
33965
29091
24884
102514
98115
697330
730729
142110
112411
74717
49903
574642
48944
106011
133693
273700
48158
670507
67207
27707
70490
588705
33231
226517
71094
696218
155216
867157
29005
848925
82606
68644
120207
115192
39048
273543
68351
17041
140893
118611
56638
195130
32529
15418
56369
115952
577892
854302
41461
71517
49664
60023
95070
41488
371927
73364
377597
40903
416029
124428
29823
373458
38664
156704
825649
26405
861523
133706
23005
121198
47027
610428
41131
226329
56614
239759
543993
487295
58059
45959
90417
43577
84635
227571
662373
418203
29380
128235
319435
255209
32589
30525
46444
218765
32141
484994
96037
23778
18783
107465
32766
67272
36644
264299
37010
103032
15790
19575
769026
124733
42070
101741
87568
285174
407570
130382
347201
83824
16194
770770
292958
23170
33888
101498
185829
30484
113980
21013
387640
46390
849816
779731
33673
69433
894335
123157
51171
316004
80887
29473
105467
128327
51198
73685
83127
86100
81959
72702
22434
456818
44712
80604
56666
174014
45034
323687
25587
63083
33132
63594
127015
53967
38056
80306
303157
450003
120686
696140
184341
125779
28072
86828
52507
186496
61016
36772
126419
114067
67735
16034
61414
163612
26051
79359
453808
28803
121058
27202
17112
91427
16025
534268
781824
140205
65766
64946
42554
135627
36210
16941
41267
140018
473391
260818
714764
94799
25996
75116
820026
402244
19653
20181
53434
121766
22693
369326
403890
109567
44986
55694
864266
33279
240855
32988
213252
61704
47936
20985
19801
15923
140539
49151
211311
28340
45834
667794
34414
98525
102462
313582
147181
39856
24101
49361
20616
392682
131157
310692
32561
48749
353471
21328
30785
88189
108067
117758
92585
21059
229143
654237
16332
807464
92568
736534
108066
27997
55748
713531
43827
47102
138040
36503
120880
72974
123282
47785
99733
36753
34087
54899
42696
67002
55231
212577
320980
142290
31223
29341
44462
51494
111172
100748
26759
44039
711714
678236
49614
33032
35952
155386
27556
142424
838250
37212
88981
76038
42548
25338
414778
119527
140403
674986
880901
139715
37676
98998
24924
136236
843341
299239
46849
326144
24224
737580
39074
340943
841601
174921
489535
794149
24897
121734
572181
35000
63236
149202
119394
180309
147114
29551
93560
41371
31864
42925
43474
848391
855329
37910
44616
140990
136603
141296
433405
34334
451234
16228
600916
80267
488001
49996
106758
241601
234586
83851
657622
25014
133085
97227
146148
756372
86682
18172
19080
270431
146802
32691
138703
74456
148653
17216
129382
68341
286529
563369
84472
793061
85269
23566
139074
172005
111701
481493
183224
36302
91498
398729
103012
63623
103858
226224
23787
149324
117721
70645
133968
795217
71207
38712
56323
23275
324407
137989
28031
59813
139539
745132
445205
15599
53239
118921
43809
136766
259109
615032
592028
82488
143622
38080
38874
49193
45343
51220
143350
33501
47022
47245
42086
49588
149057
65777
285958
87556
89954
135468
729123
18179
61914
414718
84841
67010
21589
19135
679113
24563
32343
73082
24070
95259
46686
619317
767560
362791
62500
17982
48143
27210
32325
17853
127166
30765
553099
267696
91772
139319
897212
78648
846507
78753
97963
79132
143341
21584
49770
286468
34767
449550
139590
404996
219331
20650
539788
139728
139328
329173
288286
29789
194568
140243
35428
93722
23157
26315
352435
81032
137575
32089
48769
359117
48392
835836
21499
378815
737355
113299
82582
308981
84935
410647
696021
91832
98907
113264
26353
31155
26419
872848
30080
41712
96545
557848
24065
131339
111504
159393
825505
138048
74968
138706
68531
29008
35269
408501
205749
450785
79261
67343
324819
81942
389671
133963
637253
535424
520071
19931
47284
139092
368711
600497
824380
111394
234544
446524
39380
256507
523585
477662
558180
94802
97211
465683
32824
63984
55171
143021
17200
110787
616141
141700
654413
393021
100027
42513
133840
47722
237223
34753
145704
446972
336030
566301
567239
407677
44004
44635
211277
35776
107818
824109
489174
21763
42063
588163
29021
33264
31426
61051
271807
305080
108437
44651
48349
21743
232331
257956
35321
134321
22146
66153
698006
23947
21078
410546
20610
84401
147304
419147
22395
561897
124049
28767
32877
21698
542546
112353
379669
106512
82347
148018
118281
131938
473760
54100
137295
441940
530888
82143
199444
54966
97775
454646
123447
89667
45260
173862
25732
368236
88801
134686
130782
19643
399471
398245
534105
183298
112464
135825
93394
138295
22204
98281
111195
99156
51404
98705
366237
413918
108415
48712
779213
162043
17604
39458
29695
28248
442831
104345
721282
134854
852899
128559
68773
97350
722204
265188
49733
112374
15665
697817
37872
235428
776262
20367
33694
18190
80834
331771
36389
125400
424249
63574
146939
125535
31409
338243
29062
278320
76813
17965
66692
199668
552080
91796
47382
128793
158195
76331
403970
58830
209736
24720
105770
69570
99782
116905
67327
676357
48992
806010
78258
97224
713645
71822
50612
146361
48404
407192
629832
18677
128205
119516
172989
137425
380512
512596
24705
146682
147801
424251
889622
69425
263770
115215
299552
288093
15503
19558
122801
33750
863523
125067
852451
633985
133628
19490
37621
568575
406499
438880
102503
226618
159995
67780
240309
132661
260304
654622
81006
94063
492797
138408
322641
55505
225644
29328
126693
125484
34804
22032
107696
652602
47125
120856
825170
94915
104871
86823
44622
103968
500525
109975
146217
38178
514624
71627
39837
710658
60495
299389
39659
150715
460875
59662
142358
30387
184733
64475
417729
118633
177904
735268
45324
749839
65240
59761
77322
148956
89366
377672
27636
100507
824656
30081
63885
40098
696224
364107
121646
170621
753846
35733
179117
75747
381516
55772
142350
86043
38045
194952
103589
43210
106775
106730
20901
76946
72912
26018
17022
476754
224049
33012
429783
133575
129877
47639
372184
28461
81575
564914
893509
29098
35900
109840
47857
64032
405068
399154
460914
40082
99924
690317
147176
43241
17968
100410
47933
21855
413968
227913
101789
147310
50236
41085
612609
79913
195947
107164
456828
834725
210672
131049
29392
228251
97295
123753
213546
68399
70175
108537
122046
38283
73640
133825
36300
26023
59883
796594
19980
113076
527722
340689
19519
102819
102874
148776
70733
821621
21783
17756
81761
51104
111728
309862
98631
113859
28163
476025
409951
113619
94008
62138
225020
112909
132212
892764
326865
35558
100798
225976
20376
247060
42581
244817
377894
15805
128975
41099
123874
36512
121183
30256
36708
699310
109049
38897
133043
26306
27178
474743
622066
143675
22856
145213
622539
120240
60794
20478
734072
37059
95074
45692
144410
110820
35494
30385
32527
50964
42795
131626
76434
70367
99948
144842
101496
70670
19840
117988
49010
473781
36859
531818
603440
17317
407980
20873
88097
130474
67601
378620
117389
143312
278759
31220
137386
122359
30414
28739
309743
41265
28071
86459
15522
241695
99052
47332
43712
32880
69357
127243
33929
130275
353827
512197
19081
339055
130224
796297
54805
398337
16739
883631
32104
130685
647198
83331
572282
208179
67794
46894
16280
138867
16600
465775
36847
86074
65644
390984
31495
438862
489264
74642
17863
66060
25659
198204
39807
17889
29609
34340
218109
796798
89086
17870
397748
18329
204153
183779
197595
77601
72984
312146
140148
69482
498925
142346
22202
134986
17841
35476
44817
314577
73293
96935
116270
25620
401406
414014
107614
109021
190056
43767
121742
35241
46024
22558
24721
20521
123025
32370
582230
598486
64023
21108
147317
38210
246607
27280
285392
27601
707664
37118
15037
32519
82787
109683
455887
33940
701285
92154
351413
72325
25154
136185
97639
32391
36284
70221
243356
63929
21112
116108
138099
126819
305045
278047
71069
789730
531550
513005
95944
112304
112072
428431
656868
193122
89761
594639
129504
16624
35153
25316
160335
17726
143636
73177
31331
110941
27192
35740
301191
27173
24986
153788
33676
23743
40070
64944
45737
484905
33151
389037
107262
169335
128168
35202
114789
601592
158352
149926
126757
720729
98820
22762
25649
47519
419415
20172
46035
540933
69149
482361
56462
36122
40104
138375
488420
749475
845946
26728
69673
99635
81143
25646
480384
25614
366511
192033
874790
116996
15927
27521
27133
793313
36118
17772
39654
480517
54171
59028
47369
35163
743702
45405
108074
24409
15610
20775
43855
31931
115391
44935
585377
123099
119502
342133
539029
401583
83775
29577
62184
478889
121588
881314
140054
134671
114218
112760
80491
26432
290243
35380
79879
108581
141842
113814
59124
663404
643899
37304
22957
93407
245530
83082
325431
60370
147747
95626
17610
76144
22498
91516
15555
103841
74875
34566
320904
297775
512960
106234
64921
42997
38038
110162
572626
409077
96256
35752
121621
122111
56600
62047
113002
165239
133649
46807
100892
222679
148162
49913
147181
49468
123648
98201
234301
18631
852414
52613
83903
62179
122152
127431
489303
160291
31374
130577
738190
142364
525508
39904
130365
657094
28402
28607
29694
234179
108902
43688
66194
202903
125169
192871
48247
47887
126327
40856
34492
52409
19860
59404
39507
390428
46827
38651
45490
351133
134499
312583
33860
375801
259964
194250
444050
45840
70203
434393
229486
29180
277208
137591
25292
654691
56726
122086
25026
26140
80433
178553
174809
104210
41574
807324
381791
68164
39314
145200
464752
112574
26510
97070
140147
122366
269304
293117
777423
66719
845115
20997
94400
21104
45071
47016
51975
121619
23414
78523
311181
50023
63830
459058
259804
181275
57330
267714
40155
48118
136833
37298
38089
117803
48780
51621
44588
38088
59297
83469
440066
58679
874681
17103
135905
111880
480625
34660
227567
145526
807069
72780
440412
51931
149284
75363
538227
72357
302022
36496
55476
127617
45674
371442
283974
214109
26813
42082
148492
106981
808750
115059
683678
107537
69232
343793
74885
25144
250095
140407
169597
372668
122309
42189
141458
90375
248683
246333
97693
334167
25329
142441
102184
51481
841292
71984
460948
18858
59507
20569
433393
71754
141102
37222
26474
19100
40319
41044
82076
144299
119965
671800
36770
108238
17280
121972
849660
42807
44914
90945
26501
249049
302916
64711
637029
865676
61339
647769
39718
37915
231302
60349
407789
130963
138512
30989
70569
118767
76067
68954
149882
146927
35944
38601
39411
489343
58582
419178
268195
38848
806459
47361
67373
265267
488785
106041
46758
64479
201960
34620
68624
25736
123491
70288
94743
52873
39096
17058
44246
118680
319993
362603
259169
50025
118279
54245
672069
113807
101878
20594
145052
124469
54088
415236
98800
49275
34931
420725
138893
45119
91348
35334
84414
117148
118970
90570
29138
342897
28576
41981
192183
238477
411731
125231
39184
94078
872739
193825
26945
125325
339302
797925
118516
143709
102083
99997
119447
174472
113945
131413
91080
51091
69015
26826
21181
107918
40924
26034
146565
397635
44195
40138
465412
37471
145244
42513
674897
306695
33284
184796
41868
119991
38853
41081
197317
33064
30297
245568
407033
25166
132800
219838
89603
48508
69327
115812
63114
30074
16747
425083
17775
89359
125751
44735
336920
62207
309823
356185
114680
582423
59357
21982
287719
57346
45152
65003
100935
76254
122924
457852
40586
45917
20178
94114
822163
666883
82708
71878
22548
120500
25771
15749
820050
563816
248978
38709
25016
139660
25649
32905
38758
697087
62525
164913
646840
16891
128862
136945
23272
251794
332376
47661
222884
15433
76578
334356
82632
211174
39432
16721
20139
29222
90981
130755
19641
26702
149936
57052
27572
165139
292980
128019
300495
21237
409361
102097
41269
46246
77724
291448
46369
52632
47225
132512
826739
25783
104508
603718
423657
83245
35720
92554
43992
20077
400802
460658
30466
122359
116629
223174
35562
24015
16913
41502
21851
22597
469636
358435
876901
92040
85433
40751
88394
149182
138699
40164
36258
139209
252612
36684
126270
79146
123352
770442
87248
90813
46122
104263
254203
317067
51621
33528
145991
221516
211299
521912
36826
472135
201010
301001
362045
451277
101911
286824
132442
301138
59352
40026
104247
84291
371187
31676
841856
104029
275113
43103
43716
66237
366542
124926
110675
118299
221258
165605
610035
675271
796624
213231
852692
187080
20697
47227
116075
396321
64265
641185
651829
395482
176101
148441
635232
348044
31711
63752
325901
295714
39688
41632
119618
68527
877505
15615
22698
586830
26435
43313
90684
99147
109715
86240
144479
80123
181827
373296
449355
19585
819180
635629
67615
93366
44776
104520
723186
330955
124944
130150
80376
31270
126163
62872
407891
142619
106926
891105
171003
393145
62808
121902
210831
35159
126373
22521
127538
142692
78819
21369
311340
343062
246879
24161
92478
30898
28386
392969
23800
130441
42188
82267
29133
124715
49721
256017
519192
807759
649179
25018
58510
141521
45200
143971
45129
121821
61808
45187
58181
87488
62617
64077
442041
60408
120391
92656
316296
37250
86189
139663
100223
225350
70279
600955
119003
796536
538657
44278
70870
33338
43492
18208
98718
145286
83780
345567
35483
372347
114479
381153
16847
116210
35590
187067
39177
73307
36671
122282
90251
255902
43157
19872
139338
130353
282821
343949
136948
119049
48046
492290
140825
81505
22486
104595
575813
73567
48583
131234
313355
50095
120191
21127
386967
20104
98680
857618
19894
43949
298758
72660
343797
35343
24597
363534
135106
265644
124844
67797
123746
67246
71968
407804
340067
128173
134820
22825
129196
472347
72450
83361
140972
455610
113370
44399
337378
18728
23963
113829
398888
75500
27275
325600
115622
452202
100578
192501
38122
787068
776715
15973
688868
71120
69763
553221
97396
474880
622218
43486
95570
108828
111760
127895
330438
39908
376980
47758
17699
237581
51654
673810
863325
76098
390210
113319
39155
85236
516226
208575
216696
80540
44798
156392
31644
145890
45898
55963
63454
92288
141805
40070
136521
327569
103067
73227
102048
127208
269424
19652
89287
79589
87111
146858
503527
807928
427670
185131
117653
74117
98723
65409
55849
371706
73970
791395
718588
38105
63206
37935
146003
92035
48607
249281
265535
105591
92066
576998
41921
59233
127827
50541
25901
21812
125772
40244
25379
23573
62749
527924
77360
118338
31104
250620
96505
209753
645717
131081
432971
465513
58131
693799
118657
47605
766480
564898
90379
29846
430654
38480
396905
27363
185269
62484
46386
77832
76407
62882
142026
27261
61946
84470
412905
209077
22419
65404
116903
118465
44755
61152
275872
383443
120796
117714
25359
20917
111442
67986
136431
443225
111707
34659
74435
45480
226103
43507
373927
92234
534013
117741
482086
355382
240287
22161
19116
33726
766946
61848
127861
21048
548665
602806
130226
128580
64161
56461
21924
483742
21367
36040
33876
87958
304918
137187
78708
152270
74887
223371
117277
85312
54792
51384
191993
56254
643827
86736
24330
146382
97721
138357
329722
39618
41011
314244
308332
293304
101098
146970
171014
40137
99441
30170
153066
30872
488375
100524
27583
99010
90914
45221
21612
57363
595986
29334
20401
50038
38714
114170
340316
227267
106950
83176
121846
37274
52799
67089
41175
73958
343015
29821
656251
62800
400869
146803
79036
286672
100802
139478
37754
124923
668632
48625
225991
512121
19862
512613
893902
39165
138919
70447
84160
53585
878804
17638
75876
547724
134182
46952
63645
494678
44734
432284
213854
371252
315786
128957
41813
141383
106652
220839
250613
385991
45130
183336
145273
53114
143090
305882
65994
894466
34937
31693
51111
399792
454150
88755
37044
205706
380220
143078
59726
70320
129823
168865
776773
418129
40482
65518
251230
720234
428461
146591
132142
574523
213336
330838
137947
90780
558168
222233
69693
72399
288976
74633
98904
134332
101116
122755
17423
34368
286073
124900
110116
43889
80117
27483
133166
442401
91470
114107
17399
18606
118789
80366
239791
24317
375770
19054
45672
92313
26823
47806
144313
314774
321111
450799
73330
37340
115850
112288
34783
122101
814337
56158
459573
67198
73840
236511
98375
41795
45907
667999
45996
30213
128672
36843
34145
337373
478830
67706
244138
24454
41746
107042
133564
98841
31541
19041
422487
16399
132661
876339
286319
123554
478448
22075
115544
101654
56287
833342
92391
18413
165584
147722
791060
97090
88208
69751
35718
23588
126726
63125
842933
87643
17009
31009
103144
79838
669345
467915
119723
81189
30684
347825
136773
27088
65316
56001
98100
20526
162800
21678
131202
107578
357060
25506
45256
100207
287250
83802
721123
148185
46735
46259
427264
129824
41922
631539
95454
788648
188303
35885
111790
33850
32118
105978
115375
36243
146995
512280
19855
82427
39518
51167
836051
34493
22141
133549
295613
184984
362385
124404
32496
401276
74980
335757
61821
120737
356792
32822
54146
76107
587784
336363
285220
32556
314481
116445
382472
42238
31236
318026
87702
131397
24656
53745
23890
74673
218833
249334
140505
442029
179386
160697
227682
127029
145231
19940
80674
19142
186385
42119
827345
603100
869960
30259
115701
85314
49345
576350
19308
395830
39883
113391
15044
35444
389572
55966
887880
677733
50961
30491
95030
34088
131989
183380
46891
113899
42373
453103
107293
82614
75233
501939
39140
47481
73481
118720
101663
137827
18665
573386
91710
459686
421043
84769
793663
71353
83348
759414
91140
43130
97021
23696
20102
68005
66200
263679
122265
634836
34252
104897
25258
343815
63144
108401
85888
17612
780740
102403
43842
441334
54697
769057
183004
326997
604398
97215
707302
120736
99922
401125
123576
225309
138644
79568
124538
77295
319139
38173
648627
19409
18072
20753
23725
109841
311526
74672
183088
41974
16064
48124
62794
41641
360972
29284
81863
321420
31160
87071
275660
129347
149318
23645
20365
134849
41772
136859
38690
38265
43223
806165
712078
45044
714235
42936
203697
294674
182709
123592
53865
70790
101854
19332
80959
102038
30155
100906
16026
37579
130336
371104
43479
490651
67369
280191
20028
94971
374827
44945
33788
135999
140678
67330
255198
97949
116477
128013
57149
450176
498242
480071
132675
897209
31038
206849
49451
31246
487331
119604
553839
34917
123816
224342
76172
208978
64749
95939
124163
125572
38972
693637
173656
39135
266606
27215
42514
69482
387580
50359
99161
282636
145159
284919
113247
141243
36159
26370
60255
35281
814555
25921
62359
39187
20154
60105
177710
128167
97188
823016
140096
158329
524624
50569
230471
853946
675483
46978
25484
106225
101053
58400
54630
95108
419883
412086
33235
99857
43797
452433
124589
133477
43060
44714
398466
737021
474013
117916
47078
275338
61870
139738
76589
208734
748386
76713
21943
43301
76739
94994
146577
130650
30451
129195
307916
486313
20259
29628
145769
687636
104863
49810
123405
786604
125353
31956
69606
30776
119923
489690
32155
62452
399392
66623
105250
102531
31358
125887
69074
43977
83019
120686
127847
107373
52171
29360
45124
105515
166762
217802
128945
44378
40822
49031
94239
160871
159972
850152
38449
21493
76138
126154
123285
38632
17899
79068
486121
93328
367661
123274
45450
22907
126305
427977
127694
42026
88617
122560
43130
46766
62204
276026
89167
221529
197569
140955
873975
84035
55993
75680
325034
47705
32860
685071
73021
49356
21122
78914
81083
25182
129478
86088
141824
455093
736843
145326
132111
764910
131034
78759
77638
84899
118826
109951
711780
49773
26511
305936
93079
136644
137097
878128
26394
337908
25484
138941
456167
82984
344208
45570
387736
76490
35899
96065
15443
102633
30962
49338
713426
154125
97215
254158
619403
461500
27931
93500
320350
69163
54542
74531
273933
112109
466236
345471
51387
243749
54947
49501
123185
128060
139221
49042
112356
22463
36413
34653
106419
52330
90907
109194
28986
586236
86262
37294
93322
77176
122896
104701
159754
134501
34385
178609
87852
479251
733824
268409
435062
97236
84230
553387
135674
31267
515564
121703
43850
58568
124573
467587
18972
95505
447400
125362
53801
178738
17691
869374
130880
146791
775501
723401
60418
30915
77682
45856
38064
263333
52015
43225
104326
748743
20348
237361
74893
96286
31217
159265
293600
330133
26219
357812
364185
104270
38726
252945
94938
138033
616930
27659
595772
79658
232745
207838
148025
130786
101328
199550
21352
74531
23149
80738
79216
120990
64750
29275
43249
841271
396018
128312
153454
145748
222001
26174
67728
43636
439804
63846
96339
607550
154129
32501
43874
131676
443371
117358
762371
235475
57020
24571
80300
165341
643138
234917
522789
708408
16241
130214
111676
139922
122513
421671
385106
20977
24124
30057
68986
91854
33913
115240
308883
113858
144639
100071
382039
299046
715539
18677
35913
33331
112848
15075
410842
140442
72769
69026
364676
220574
829119
108599
61063
27172
113312
57879
148168
84650
465219
177034
98547
48420
238460
167764
854850
29452
45006
19402
101774
368386
307431
46373
48896
102008
414355
36678
86807
125544
228095
203826
130135
371531
135398
773550
95694
145312
136970
140434
43136
28562
48201
814449
40009
206528
105837
142014
896911
39369
78110
129778
83792
119799
102220
38194
104058
16776
48784
118090
101678
359148
328951
45276
447822
629141
52873
35986
392284
33171
76466
315597
37126
108429
251565
487994
108086
48775
80627
122037
17507
114238
20283
46361
49366
782408
675371
205518
486380
501074
36376
39087
50774
88685
793213
46649
85292
80146
35086
18214
134069
30108
48023
282990
625908
104121
151613
92396
234193
299128
339400
78680
46621
890706
42788
25589
145485
86761
85558
21736
63463
82976
70147
104347
350317
733112
31990
401913
761530
118715
49765
17144
37803
126929
310195
378270
45302
140068
117747
369837
232203
368324
296366
144399
44430
38476
149998
23241
104998
21096
23921
87561
248143
68555
18550
252315
30685
66570
40759
115029
578267
15026
810844
211965
99629
289469
35202
269909
513303
48234
646686
270620
74926
109683
32058
211058
63971
566064
39260
78500
356305
57807
733087
330276
547037
42004
217042
342654
753387
799563
104950
211608
65705
103144
16437
92611
26477
74634
195190
15363
52652
86900
95319
477761
308601
116771
64465
66763
23252
37978
40197
19163
77126
30973
36955
21723
765871
21577
139804
88241
25403
42738
806792
18776
34825
244566
72834
444898
39903
23466
101685
196761
840136
19783
303912
209164
42261
21958
33258
614607
64126
144906
52501
85706
21098
119857
118290
100158
30247
116087
15903
115064
144953
20862
74115
55176
506443
41282
125514
92397
101004
21916
77942
144427
461286
129296
100663
147794
106912
761404
37844
758898
137233
41244
45500
282845
628536
749417
208886
56311
145105
410939
29725
15743
48248
131502
772012
144090
110667
375489
42252
24321
449044
48905
47465
744626
33120
33241
37607
27715
243556
141363
21717
67537
24854
135324
115974
16923
25140
456757
18908
27742
24362
24482
39421
72787
101564
130690
50694
44214
723931
277236
40389
34445
109473
163001
87153
37122
117699
389173
37187
65494
46175
17614
48467
145680
103908
387874
75526
118920
790827
34335
134627
55398
79330
77505
152252
51846
93400
64170
827560
44994
117182
132617
672207
43320
48123
58669
45241
90588
48931
20681
71865
103850
679779
45294
30517
123681
304957
135562
23680
147472
52901
51968
65800
57993
490358
869947
105165
124045
88086
803853
499531
204601
100015
30545
359839
24460
118198
197318
700473
110421
71095
33914
39893
91653
100779
768264
58051
40414
322312
32232
52629
125528
135635
73446
22472
92285
244373
32300
255780
169401
131351
111123
57056
336698
498942
128754
15628
60333
31408
338108
96919
49371
109205
29715
83587
46667
18132
117014
60272
34142
98423
42717
28855
147450
307493
225166
46138
22724
48635
447752
125086
21668
49101
38650
106842
95094
129350
368810
309339
108904
128264
85383
479269
483156
45449
35013
49307
25873
15530
45796
66144
56087
34487
135679
141996
671887
35246
679072
88142
49695
339674
459878
110785
214811
95062
94940
44625
338878
227921
33292
823645
33466
300976
781770
315436
63056
18759
28871
38052
140231
181489
437081
301328
118307
32261
85371
139953
214904
97877
293675
141925
34611
18796
125535
87314
23272
46195
51462
27293
47438
666211
135592
142809
489338
47885
133473
468847
18434
39570
16366
94826
18994
101521
32167
36786
865445
273754
96180
289786
125109
499131
52600
94561
88713
19453
340492
31986
136106
249901
16489
27656
774086
139851
121885
167228
107014
28969
524220
103364
15752
116629
30051
367325
43566
38621
35524
869124
124775
172142
70890
45543
53337
733919
824832
31772
112874
249123
36050
135710
114575
329331
376681
22736
98680
540978
29567
348075
33800
31719
102323
90038
52442
22547
59290
52000
195811
146255
132819
242267
16897
841452
72878
40687
45593
763528
117196
83632
123455
122955
530051
37703
84620
168188
86990
140856
101446
36207
487553
133001
35440
631287
81693
111975
103369
133965
105364
44593
106586
35067
21101
33024
90988
21193
37270
219580
76171
464617
83304
61098
15425
37395
18926
144839
686328
737989
39855
87290
104163
125009
142124
425784
279157
60987
67049
30473
33104
349959
480263
871067
35610
60296
209752
212505
113239
106615
19833
470617
112022
89499
303823
17111
106048
105568
52858
45281
135097
117538
34357
489333
410431
15212
164104
47532
41894
122299
87476
36089
19496
24679
65609
117055
148592
39928
41761
478236
100273
100861
33229
104047
382761
31601
362108
67678
31205
142201
47596
228892
455129
31222
40928
478630
89473
180804
19304
46248
143330
842391
51672
40066
61819
406489
762315
499904
48954
78931
70291
55211
46600
35331
87587
145946
218272
80784
40736
126545
19871
128471
35915
143421
813003
393614
19337
106535
281736
50974
18930
51527
125062
139917
433447
295304
92057
24768
25353
113560
169408
23450
32331
75752
446809
490066
366746
216999
290173
110342
149549
17860
64327
799770
120933
58302
60820
71612
31362
785436
139849
93924
94294
61158
93372
149249
19782
772455
32090
18003
408468
100375
93685
119686
33174
28342
404882
22388
168251
644927
37791
135800
20280
30889
92477
55236
144841
65713
370816
28942
22476
87129
466415
505561
32344
677117
110910
41977
856807
62973
382027
35535
30635
70353
19484
103904
442968
422431
825442
23996
63727
42648
354631
137651
390519
49971
135125
87594
816132
83641
118418
92059
416726
39485
89180
119889
89374
177729
91188
110470
438942
121320
49887
32662
133285
38666
618975
77223
73598
73909
16004
41738
377579
90124
16123
175524
45606
69049
759005
171562
60495
79662
19406
353734
112738
553053
43588
122738
99993
21973
29432
61407
502734
791756
436587
30981
118119
34912
460159
36218
103646
308105
57329
22646
44885
86997
353671
89834
231952
213276
51862
16609
99184
31775
415975
197536
99213
67648
42193
436201
30080
534277
286528
535413
131951
33438
77773
23662
100135
36071
19146
822977
51801
63295
70153
27928
365095
207348
32367
35926
478874
23341
85634
23364
102536
36449
19483
82208
19679
624969
36654
129074
16378
346454
145177
812044
152164
78886
129261
16897
102507
34845
143962
517096
136653
36493
466822
79273
22468
32397
161659
19425
69918
733932
106735
580376
21985
34709
94296
351689
451973
307036
112425
124965
123273
40455
19949
444641
54902
61234
383541
376970
24563
46734
35552
255560
57642
124871
54406
79191
138066
28900
51499
145943
136629
318016
33850
115326
121373
885135
40982
34348
390146
546827
20959
47421
135779
124977
41741
30783
39457
626532
28094
107431
68885
30169
84484
137822
140511
108221
168803
92535
34966
32768
29549
22985
191212
395935
130517
48346
75647
143544
129099
108964
874526
73395
39718
118243
63134
22331
45962
432286
46650
145707
145346
201380
16335
112141
25189
35220
52059
481011
33881
60278
19853
23307
126123
88271
120957
344984
752392
139850
118570
317605
20038
146101
492099
146183
141319
43185
22353
39867
273010
415649
51521
125484
54160
177503
42820
768573
562268
100134
25090
320988
43956
53144
171430
56622
45455
120301
76202
783347
112461
50618
39448
43140
387556
21737
25353
16880
114217
219164
221567
35094
30897
47553
101880
79810
371811
29091
28829
62762
123707
188231
749694
334212
115851
464779
43440
340545
66698
39283
131380
834163
70022
132119
122007
37666
45528
100166
18315
228233
38909
44486
109130
319474
17741
54949
137933
20057
411839
136432
25105
318606
21789
49613
624122
29023
47918
109597
211526
35888
42119
49506
32401
566811
100447
304577
21099
36411
20341
25107
513617
35365
268791
84788
67659
843571
134887
561731
618295
118252
802439
116322
35249
193114
119925
266580
209225
599427
240953
143005
132209
478602
91663
308680
448077
23167
562125
492787
238108
588180
402742
18051
74776
815261
67390
398463
410284
780017
130864
109252
89790
99515
72651
242445
125714
25708
35516
46308
121106
76925
136899
183147
321321
459508
82750
591303
812240
894629
350158
115841
59335
132558
62676
131690
30269
130865
44543
456006
76306
32368
602754
141567
130201
28464
882153
23661
406322
130740
118998
213959
117845
101499
33080
31064
98817
508323
81503
63433
46211
43545
370658
131963
834898
104688
456356
601924
804923
104139
254898
486233
97119
105798
19769
87499
29785
23375
299456
213696
167193
514669
96019
394330
101270
49533
664249
102655
148597
34809
88560
27787
33184
43244
485721
86243
42968
147613
105140
144949
110957
29313
103430
25126
117682
32921
95072
65438
37618
126407
144867
134672
799891
47019
109356
146106
447404
35679
35205
122562
138932
116495
15447
119980
799799
55145
44088
54945
33850
45365
481453
41569
20401
793262
36937
354831
25055
47722
39042
81497
88559
114298
855457
61666
123221
173901
78633
40858
196149
278688
149403
345515
229488
297743
81939
107063
137633
24684
255871
70844
477057
73583
73011
433089
331805
496220
198213
128619
127663
44965
35269
106370
118513
88087
71468
113111
107733
379630
35616
30842
81887
169837
44041
218207
22863
169725
38012
55597
33813
20372
380412
382711
103708
314288
822378
123957
23071
23920
63955
793091
689516
32909
44527
58601
53456
15829
92747
404312
82216
84137
33585
47955
36957
85586
104720
31733
75238
121803
29522
132506
61867
578110
136100
48384
89993
96885
28151
116317
22331
858372
378149
127841
163299
38218
419616
72104
41982
29322
139862
135390
141947
141923
38402
43028
130376
84655
49802
454112
118848
151283
46828
96074
57870
26349
378479
122757
42284
41609
191515
130097
164340
388360
89164
43089
594145
60210
83793
261357
27621
265691
32807
141288
19818
60745
143118
70893
23566
818167
623783
35673
86292
19535
116144
400683
20192
190193
21240
110777
97881
566650
22610
40216
83777
140264
887545
111456
33814
441854
36618
44616
47913
77103
15633
105005
117442
47432
45252
147879
113395
109373
29790
43218
73415
34613
25016
638252
95124
91013
136726
54976
48066
39671
264300
67636
113539
62806
80192
147482
99178
779597
21769
98119
126416
90216
106140
760011
44495
104207
58889
132024
91354
372778
136397
91374
61538
681011
15141
568191
23777
120269
863025
39318
33672
144159
409412
15967
25936
492806
107368
583901
48816
733401
30392
91985
95844
114695
19427
100174
371737
39916
19549
143503
98968
130496
39472
496415
142366
126917
46162
19209
18513
186481
64539
50717
428972
24172
254871
273365
484992
34605
77445
286398
67866
522121
122570
18877
22014
37945
99050
116656
864042
330154
356659
179596
68025
440146
90960
74508
29974
130714
42885
345264
136994
51550
118732
112237
49331
47399
27363
66828
86900
85729
28754
42127
95797
134541
99593
775910
136236
112798
875207
37483
139750
403174
239096
17877
70716
190284
112015
311524
164758
19523
185772
47166
133479
467236
74614
85630
72297
183927
15185
273061
46338
134995
81360
880161
48124
383448
40998
514614
314599
38768
407345
497196
25430
64985
19178
148351
48270
486265
315932
99370
93479
206269
103175
109099
55560
108857
49437
24363
50933
464778
32800
308755
32996
78602
30639
647396
29626
108122
550713
629580
136817
38524
374207
82859
398961
60119
139283
42467
147594
136097
138093
140907
21120
67126
126569
49581
585082
134116
118577
97027
649607
139838
35603
140982
657011
145576
268430
18291
659354
49939
110617
46205
146085
509764
806176
111499
43903
78488
171202
32332
208160
26754
100941
27061
689409
100557
870781
33546
62191
481765
716439
118117
43074
32613
408855
499866
501025
145787
113173
244065
309553
408049
733049
42386
32887
725203
136446
463103
891380
289018
71097
151735
336639
615946
528630
29237
194025
641118
800529
47740
40938
164025
146616
32593
55165
55117
166567
79084
148081
44223
73970
368096
46894
149242
525026
57052
30435
117194
105602
264230
490284
44419
594238
21263
100011
381483
264964
129243
32590
142042
392983
27478
15608
115908
141548
46010
24599
130066
645410
32919
17409
371498
240937
38506
493829
99327
314467
696325
685847
752050
139708
308770
75972
21231
103102
114331
18925
827863
66151
433184
100426
115777
20323
61593
32479
79065
260661
60912
96581
79568
55738
37187
33775
38736
104088
99614
85201
80504
35844
38700
176193
100308
502244
334923
35612
65683
113783
31295
129366
369565
44303
68782
119829
148584
103189
139418
44525
75331
39176
42445
44146
240059
63411
115192
49658
24023
699993
295342
127437
91534
29519
713321
126063
382900
448968
23885
523427
261264
72887
93865
84224
121372
74228
91889
447399
105373
42759
564706
838647
51275
29453
506235
426986
311134
68567
545024
21723
39984
15607
85867
93161
214063
551595
46396
51601
367585
887796
81299
637363
36757
90909
36186
28242
18681
121072
827805
36702
30633
131932
169422
55540
106558
25309
99573
243287
46984
234006
36532
39979
78831
66390
65457
91145
163068
71803
30626
143743
75497
93333
96850
322927
215583
86419
45476
50168
28557
74372
504475
398834
36710
23010
830018
95839
88120
26322
124234
328291
108451
48801
19723
58974
333294
40484
84994
63646
142758
92839
388547
41130
453386
127177
159860
24893
32546
17076
66900
51093
131632
43303
366024
17537
133666
112695
141813
885831
282652
19508
44840
59024
29373
358434
78682
37198
52349
659869
42722
33562
61704
806344
118494
479172
25116
105898
78158
359548
394998
27578
80929
324516
89925
118491
156514
64802
24099
47317
104530
841682
852119
150455
68142
461931
87478
324539
809133
430448
109972
273450
484496
21793
46812
132743
18261
165279
45426
130456
120120
379548
113143
103714
230753
622574
46032
134664
888001
141852
33704
847867
31623
138858
396502
21462
44804
22953
115036
94980
840803
111926
44400
63277
44264
23137
47035
48724
129088
38971
76256
342105
22296
28065
661926
30514
146247
111781
118565
109413
33217
527370
22664
115484
40633
40936
140477
465674
124279
46102
666699
97618
168717
130483
400406
116968
36145
92559
18028
64729
80267
137446
82860
118426
112470
485836
40524
354726
42676
104420
97003
77103
33085
143294
678163
136414
49767
16005
149392
236500
26092
42862
783530
24671
60075
238236
360043
566051
265928
217684
20229
61729
57145
33333
108541
149023
133110
44846
34689
117881
133106
109926
18968
134234
53313
127411
22747
115150
37828
146395
18371
409692
17139
140920
73255
501094
705936
32380
74698
100739
68856
76935
75266
27807
67979
45045
59391
129424
745054
18513
133001
144541
102877
244004
44807
138762
125974
534494
145023
707566
40588
77533
148320
67626
320753
495789
49247
328428
746766
202412
133996
110052
36311
394267
34029
89230
62944
21109
113134
68838
337363
490151
52454
86095
113374
28087
35013
61940
20626
42296
18382
142341
161263
133790
95040
99682
136850
35196
41872
117071
32407
330275
34644
21588
119445
521120
16698
77101
16720
18849
611746
44014
756661
523848
111711
92345
146498
295379
74561
47152
339082
42483
444143
160438
494683
24144
274319
94816
181073
127863
272091
30194
341665
190343
41758
122734
409051
808184
498650
25128
149772
477456
353688
339603
32049
286433
123184
43715
26308
62316
132789
130359
34734
143021
704469
130353
70071
42143
879912
267491
748291
299099
34126
20050
93685
56048
63530
133033
856607
528726
29507
488054
56918
31022
72663
145016
84672
30514
43220
40725
45080
104322
50943
147694
22903
428095
15168
131230
36077
48643
78993
218440
133152
50660
74319
122790
480009
33005
41049
148029
190126
448244
806228
567836
49962
36381
112205
109298
143326
61240
25039
31135
68409
49062
29696
51076
381484
195292
118496
43174
30003
145391
96126
148974
135951
367900
30216
124058
122166
256816
420210
693374
54393
142876
51700
544439
660432
115775
47798
35361
96571
34234
337194
427690
49860
826941
100437
36015
89937
35967
69026
115334
113909
24163
91629
111001
37483
22435
26894
245363
32832
380682
334305
125833
118865
27600
724812
42597
120643
466233
49911
126380
22559
20923
678057
48447
172448
114442
416148
148617
83541
41275
219221
47717
58907
115359
131291
41926
44371
610225
426003
36973
388551
560393
57554
110854
122035
49676
287188
102874
365848
295633
531429
36527
418712
134005
20417
254469
45075
367157
362526
309202
625632
124324
134830
77624
89362
351788
72761
17905
20979
619520
76518
496597
142641
120770
36261
390993
18633
23410
90408
463924
31423
136137
42366
137195
308255
87811
68103
17638
45947
385676
61630
197303
55883
70462
54269
405312
731811
31542
42229
687602
31532
31860
32141
132516
22564
378519
365846
21989
48365
39565
662952
328423
34723
92284
33833
135405
79564
602031
88569
130440
20178
146441
40307
114350
37219
26641
43716
94285
448546
93482
107916
34376
47669
524023
18961
102966
31046
25755
77488
126924
56367
300344
26514
31247
766665
727394
19282
96811
210016
39947
18009
93599
144893
101436
56015
29267
21462
35682
114249
254835
30692
407146
34625
55483
434394
157532
97088
32902
23946
79771
145418
536667
15291
133745
37175
436128
745754
666900
301953
63273
220511
44489
749157
95520
448047
60593
159112
40968
279822
40814
23519
387194
24968
100419
51555
21937
147377
72100
69401
395412
606671
38529
373863
140518
316597
103760
135404
128416
672618
18962
30650
254791
27524
101852
144083
141846
15535
115526
22507
18316
741908
123421
38253
46015
121517
414344
484540
91615
123923
80515
30486
327884
105184
125878
334656
33634
101816
34092
140639
28689
43688
28362
107762
100097
125386
24584
20042
298335
60516
94922
129499
24215
88480
361964
22100
71937
73996
71234
71911
469519
85008
416098
50158
109465
22267
808368
25877
239014
46578
94923
62215
42262
274731
25848
409476
26025
53698
113784
90761
138303
59226
35021
46417
28901
17928
492919
34226
28079
129389
248785
41755
29722
194688
894470
724451
20164
413950
241832
149232
125221
125261
369033
64142
873105
790819
26851
345853
134246
88338
119340
225431
771192
563422
46081
31162
107244
43265
46486
18286
48275
91343
372211
332367
313631
15912
474605
102042
139506
77113
61540
54544
38562
202459
17908
87656
94677
44556
88075
129512
22835
93398
23318
82779
43925
21312
197347
58730
145303
159506
54964
327814
76182
39596
38788
387623
18576
17361
97291
303706
132174
353073
31457
550243
84243
30593
31151
79940
222565
23180
69250
212903
125681
146678
25821
25110
48695
117718
33970
67104
105518
16067
117609
44111
132711
34946
171387
606200
26748
27457
83331
494436
67275
39847
48930
805330
33421
108356
34510
129737
117066
58740
81140
73205
453963
71135
374869
57872
288761
116578
491708
399583
117278
139832
20418
115684
15168
27756
93501
24232
130635
307239
89553
16270
115821
18326
466480
23315
85738
84514
104628
48733
25847
61248
38723
752276
43774
28934
39344
41813
53817
44730
122180
88681
109346
29099
32700
353991
20564
23837
457007
102029
575725
171291
30573
34799
620730
59831
407090
64861
865162
92625
459877
131691
378660
36015
79821
756269
34553
119980
199538
32380
233761
48324
126491
408391
102979
765178
355199
143503
44933
85848
25322
116208
94664
59488
45768
130319
30528
133380
30167
64329
56823
377397
487867
153330
85270
114991
87227
471614
27864
76288
24268
42409
128420
497676
90958
400149
32509
84762
453957
40503
81857
200166
89501
142856
33715
49567
18948
19917
240040
648951
212697
137852
99346
62772
127403
129683
570111
34100
50947
75363
79110
29968
20271
231032
37768
130132
16096
577285
44143
467622
142085
70579
27082
47773
25003
43036
47954
38982
404722
557904
45280
212461
22044
43133
284337
51674
147475
38219
110192
49807
102948
32993
673616
316170
27352
114415
106166
494860
34213
711159
114798
443510
147469
19185
631085
31425
49261
566866
72943
147596
147244
61823
15344
387210
32359
31268
33881
17688
89600
104147
305499
120575
15628
178327
624460
112004
629590
24415
41635
73579
378585
134071
20679
55594
287259
70644
65560
34127
68435
42301
879237
615095
886669
95230
79219
34283
30002
44957
396935
28325
19981
22092
24447
258637
130482
433046
58558
38492
24738
820203
116953
85554
42759
365124
26888
499578
45762
24758
20557
145304
30792
57627
125458
143041
129226
94295
110030
49439
129145
147897
398166
30861
34610
394075
123473
43029
519384
696878
211898
97313
113897
85852
774245
16689
140248
54225
31371
50090
70626
44736
254379
493808
414526
128006
114533
678630
766661
83264
397197
144446
20957
307768
556540
26481
17636
23456
360258
483577
853951
124300
445304
27050
207339
437168
484458
115005
142926
94454
627482
84049
20906
92185
29238
96613
102236
15896
20179
126610
43820
104601
32223
442809
50501
46495
139695
466977
124128
130257
347013
28448
110847
108878
198487
90953
26120
115295
58886
72362
70447
43504
528539
296024
90039
34788
81712
340985
144019
419211
43683
40167
42862
133925
99016
121944
143002
328958
127565
113528
67396
768775
25899
49757
44964
69383
178665
415466
37541
44277
107504
609701
763070
65421
396758
53579
421240
27453
86978
261795
17996
306525
132914
18365
670547
124142
153471
31043
125767
135141
273125
95604
136973
142191
428356
726758
120089
330999
133736
263019
146242
16426
184664
60199
34504
128657
475298
88507
273463
108544
144921
36420
495678
426446
413596
16859
893812
19754
599298
17979
43670
23895
550160
224235
113192
77216
183027
28883
45403
726466
494140
422991
26753
28588
134486
75550
148000
60287
64379
105676
432924
254898
737175
275034
125198
117862
23577
147569
67576
18832
112651
666400
50026
855181
152811
817733
64622
73569
131738
45465
17122
304750
44395
279318
19679
74101
128129
39695
129375
420202
33369
410220
45347
27445
76078
133859
39951
155411
464480
37156
92458
56464
260981
18885
292323
453109
146650
122919
91775
18393
142471
114214
246872
36791
19903
164059
142358
54335
754157
167627
101001
49258
58659
65024
39530
38318
298959
173643
129451
149086
726780
22104
114438
523106
116427
873975
380989
135821
40470
50754
16902
531789
102873
20041
484919
40458
30749
192446
86781
34562
404227
77708
254996
98019
146538
19496
728510
111378
113274
351549
77505
38971
25184
30674
44514
499642
263087
383819
551374
17746
499363
95830
66770
18447
633447
48476
73563
76523
37634
40469
47021
102859
37646
42274
118237
263479
206002
141147
49497
109887
75699
126157
171338
29486
124748
149406
138504
119392
531715
440252
23647
30759
511007
864103
694239
123567
437556
19904
33256
45743
70080
52817
79270
48131
39587
124013
45868
69117
419871
38394
497843
33681
79111
576837
18727
425691
450691
22167
432373
124265
64921
110934
27552
160909
141105
139702
109518
44477
178490
76487
289951
36108
47819
71433
143207
28211
26609
444906
49151
817567
128189
26917
425594
798973
597478
48999
209538
41093
487796
99665
82779
40090
37571
75704
784755
91384
73866
290476
63419
855787
61744
20161
50869
658711
89327
20771
41378
442098
29733
25633
91472
113266
39844
876878
53417
125304
23671
463646
23637
31270
32598
229262
112685
49808
94358
113526
48455
41613
41427
147774
124382
91378
79171
29908
542682
565445
94659
63091
211114
195927
41243
58451
704441
515156
26473
141668
89385
45937
142567
39464
138774
46759
659705
66962
84518
257682
100973
471128
112206
118234
29040
32520
285475
47515
45257
34342
40146
34647
112787
41634
593608
113610
112243
441407
136007
28576
196373
21207
36731
147215
27025
30945
509948
36181
37321
67992
46392
42248
47460
852549
48577
44464
575516
76586
106596
28050
64964
38587
46290
38228
418778
57036
93450
140210
255849
15808
321079
135793
17788
83484
124799
38976
542964
28312
327071
99900
39217
74233
29935
136557
96914
271586
87052
136595
194449
141046
94281
473455
189490
112019
127984
102880
30938
76048
74353
276785
106982
489783
97601
57095
141204
48650
30772
141439
856515
832159
554971
162426
19081
47130
217484
207742
511269
26791
148270
43220
42730
32335
33973
120810
466698
360922
112127
28815
814318
134838
675983
29485
135767
17643
128147
208115
30608
22606
28617
37070
52411
34555
78546
41504
135906
146459
37578
111675
23980
38947
432797
17069
93151
124633
886327
544188
617728
145647
145061
57604
36639
88542
44439
39603
126057
208106
29776
90194
592316
19664
844813
611545
147174
26800
116266
35539
372721
108060
146615
37527
838923
458074
21249
72392
25109
122683
405801
41148
18842
40534
59453
42748
682793
28881
26391
25789
833689
42020
99669
142705
19255
21449
22013
160755
28171
74033
350779
61537
138186
19560
44415
19399
128266
108167
15095
37135
115861
31263
55298
25772
347309
146608
19517
96393
370270
36482
319042
41098
190756
24121
543212
341552
54898
187151
48477
110211
79655
83902
61739
128648
485453
124906
97014
54814
42402
42474
63956
34109
121234
129830
123309
19417
44939
70411
91406
119633
39294
119534
534094
84054
74216
123813
25463
30681
54911
814351
33536
87990
38544
108374
19532
622886
136428
51268
367940
34928
147546
28316
22382
123150
73426
74689
116354
122369
461535
179008
342117
342729
182228
142979
49883
28730
93457
105493
121530
143442
54661
149411
363013
474206
15528
36503
478534
193669
758464
137966
123808
23099
43780
136462
49160
57129
38015
16550
194004
279058
136026
349028
23270
411979
36048
326104
125091
129746
82538
128334
92414
833012
19919
29076
430167
783716
339354
86168
114410
31745
22717
232862
67885
90509
18573
46290
45344
40175
20496
751641
72571
93037
68140
137994
247705
56958
99363
214479
29768
470116
798794
22183
99425
126638
880148
313819
104876
139551
264498
23504
127281
244043
107659
108080
601510
36088
42651
23295
38313
25539
66390
97625
54631
140387
116901
800449
52214
17550
108035
47089
757674
202637
16640
376098
138830
66493
124979
72150
148146
291201
92915
129690
658090
15102
54063
602450
121777
40932
831002
75471
46201
124422
22688
31256
127159
39706
81609
20925
560336
23203
221040
54380
294905
131233
77965
22987
71738
74582
52560
479409
30985
109315
496281
544645
601183
149808
126369
200596
256494
16276
350697
622819
39720
69549
39836
261649
78299
39464
26696
25433
47433
28045
18377
58892
284452
61288
118593
695720
458276
200507
119126
778848
117412
172292
537408
33961
25816
73804
73700
74932
35507
49382
95225
596598
35875
88655
108991
18087
430299
148677
613027
33233
360769
239491
18352
120102
703023
17036
347111
86160
144961
117650
144971
440386
143805
56095
24264
25365
404035
18646
127354
897309
196694
198732
17473
737719
444784
376102
23213
46148
112372
80369
61498
96617
24150
47595
116156
546416
85670
488717
22185
135492
46667
202221
257561
39285
258322
110388
51110
78330
17847
57368
134183
112540
363689
129827
109438
26520
368701
74980
121254
24049
118844
42225
104996
396259
726409
27491
78941
253949
45540
90502
15506
40098
527200
449258
40673
448145
24943
406704
92027
73449
405183
93905
48271
68626
44819
124346
519292
173729
267695
453140
460996
46972
307753
87853
599144
182204
74499
21628
28055
20107
48776
57687
26263
33001
18129
86652
92648
91384
39327
58855
146155
378472
494251
113683
77618
228624
382000
61808
461940
39395
184408
148229
710212
140197
47461
120485
71250
570428
29594
26996
196650
547169
743612
28505
442897
93297
773331
283621
148199
735445
144949
105289
25006
17404
28118
54040
789295
97029
91276
480662
864124
411043
59966
283780
18451
22617
28370
124121
120076
71496
49698
19196
78940
94915
39896
739183
97242
119673
17510
85284
42588
73092
169448
17969
496479
15197
141867
29520
143934
33598
73445
360038
139075
659946
83037
25418
451890
140160
63243
138251
48253
107638
195138
21699
126570
139996
39686
209537
73460
21525
57218
117351
65127
837579
29451
133569
33957
67604
140938
53598
783081
34345
108472
143272
29951
57680
31088
109868
27964
47191
129818
177315
459875
79717
199062
67189
314920
17156
488093
391258
67549
316366
36123
116919
766810
16639
112426
18794
203409
89968
69049
293942
19786
48271
21678
139574
44565
47077
138806
34776
37528
19047
117766
188551
800295
43077
30309
22912
732905
91911
42225
290430
244043
44800
243898
379301
237088
532608
580860
43166
127460
105924
376382
39073
120137
44170
17079
133346
178938
351737
98310
22858
43818
130857
495920
37654
111895
324443
422603
23753
31514
21566
20684
41941
106370
259886
66806
54251
803529
24798
110763
37721
95545
886634
52947
573217
23794
22496
110175
92713
25101
489254
71017
218262
33824
41920
40752
391720
75967
44091
24379
34768
78760
127374
38921
43352
135120
42730
81195
95707
113647
32623
837461
459006
368221
661835
44918
303231
120505
36532
827114
30915
38733
89626
315049
628938
58240
109592
200391
15400
840650
122769
87288
159199
134183
107345
120029
327369
45166
20700
60491
96347
296220
23749
35852
115599
55084
25494
66010
17583
76468
119656
391650
83904
212179
68672
43956
164525
771414
147502
22506
27815
142241
39645
257329
247801
117046
95136
26108
123072
499100
470600
28880
76895
36458
139958
211259
23345
69885
71931
84423
93751
142203
276763
24160
140337
29110
121238
80908
42475
123052
22158
111825
139552
24095
16090
21010
69604
646517
82944
93993
139882
424266
764642
56412
140665
97308
30269
96568
132466
22265
399515
875488
24010
48127
366004
138543
69652
67549
148217
71401
34178
30367
205978
39283
16245
47836
139765
69485
53778
354667
605519
31806
460749
31263
383549
481145
70637
48810
460308
44257
16767
208685
722169
504910
32679
78954
121268
104233
47376
297544
888016
128088
17565
128135
268423
89468
177824
112531
32841
145673
21552
119042
39911
53841
109773
212135
237628
276098
103904
99007
77887
374255
20118
48500
15619
134466
345462
21619
22953
804063
146426
31390
55755
91745
130998
105279
78242
111350
100786
95524
188796
96946
345666
203332
116681
297326
144719
871824
389998
85204
17040
31546
26708
88855
39970
43711
20650
407766
381703
115240
40102
131786
36856
50634
29280
529251
30335
149817
35342
21712
22786
277740
680259
133072
69361
15783
17186
81136
130869
107897
784049
321598
46047
404481
34584
214363
149385
27857
67988
614791
845886
41363
471896
123873
120674
479440
96258
23527
24357
33210
440343
695219
31476
96666
131651
103857
132604
38638
145050
752805
23432
24017
68229
82729
71147
247040
181396
58994
67482
63620
46306
112421
119952
688269
48231
69572
88383
30802
36646
24186
42146
897632
128637
138130
36357
241891
83426
16763
48081
110944
22084
340091
94342
138012
827160
124891
39993
145300
786275
396988
89563
126390
158608
88603
19150
628601
119082
40948
30945
76957
43122
80043
497128
58870
127832
94580
148381
104191
405567
100778
423820
21416
36252
141440
37801
95458
258939
49879
83203
24388
295425
735893
57150
135004
393425
120209
235248
81180
54235
47901
838204
42942
176698
76439
35288
167848
132397
23352
431609
24035
338177
274821
56885
192322
407209
35611
97572
77077
120518
17464
412477
145595
70132
338005
756365
71707
125355
143960
20661
108828
80802
99639
21117
84040
251948
91061
38009
161049
125256
687561
422514
48474
45810
39540
636911
32912
44841
136788
768851
496072
29152
42666
386150
59829
90550
246019
123080
96989
133056
20263
476473
143626
698284
51716
75192
95135
49073
52441
54386
229307
31475
130435
73039
24988
114487
339741
149380
48857
137487
64834
37826
112958
113408
414577
88166
30792
31840
43980
57153
446784
114764
98654
48636
22084
65177
46826
620680
438729
52588
221352
89118
208254
828202
21788
82601
36109
201740
94223
42279
110403
49973
76371
90353
27243
136183
43671
807249
398507
26925
244687
102355
103220
118242
44069
15175
63995
120598
49477
143205
257090
147118
50804
37236
65891
79334
48281
44831
132713
125500
23029
72773
135665
32497
464251
62879
408048
107068
146745
741664
111236
628215
18188
321747
145853
44524
28962
31238
41621
57442
44057
118983
67660
18746
23738
104126
30642
19435
70592
96862
102172
109906
88608
61953
18552
28826
30306
393383
60288
110375
20168
244716
47471
258088
56508
356023
35384
77097
28447
76174
379985
43151
77753
41677
36827
48392
104258
357093
44936
142950
24867
16722
32848
42759
32610
54089
172143
41102
397055
137798
496123
33621
43193
403883
374376
231817
131963
16030
47047
136306
30597
33327
125702
145530
56649
130863
50862
474341
20346
19772
241939
32337
262255
127995
88558
20976
228104
50111
121856
358088
35485
41544
146776
19071
636188
121450
349531
134853
49173
67083
462392
83128
29735
71861
30719
109233
21723
669984
126824
85969
248752
498445
35644
144577
113343
29713
731572
141661
91308
259993
57329
42300
49794
590983
451217
453408
495722
623990
52543
487455
109797
108150
21007
242216
35753
34558
61486
80741
161897
312813
84735
658058
139960
847224
722835
21711
681736
289690
57098
89172
24779
149247
116413
44720
165079
123887
229914
34693
25649
40162
89236
131949
101082
22601
45976
356935
147729
40211
326001
36603
205612
62623
112181
54552
121350
142643
20978
71091
82657
42160
350610
606431
23893
36955
828724
31048
35327
34231
94521
373189
764463
92028
41252
190280
126545
96381
473352
41092
120382
69809
86453
147333
866179
816688
834552
530672
90839
28486
43436
26909
660849
48516
517482
98975
87549
409892
72388
146248
131831
57087
144504
147690
420651
22930
80138
18699
687678
26231
89919
45534
738778
423558
183533
84621
93453