722211
136653
774267
499541
104452
94968
446178
21048
274593
45672
789804
98742
395398
311500
42366
84736
16952
134246
43874
30573
114438
36606
61537
529386
266437
20175
47773
51389
40752
271199
63114
123957
320850
45130
102874
148974
139539
27465
417081
40137
381846
684212
41609
147244
59065
239550
54898
417610
268354
31704
42820
155924
44246
138255
36644
75363
73426
57532
29341
123753
115375
42252
67866
15599
145105
60593
75526
69693
382240
28340
138725
113239
34809
307436
135970
98791
32841
57056
77480
177538
26308
254189
446481
125714
83632
324407
57027
121183
26603
395574
38194
601948
308397
29352
486730
140018
853713
74106
219099
35603
385312
109078
22496
26315
506392
783868
122340
506763
72702
136726
609886
114350
574235
659823
36311
52015
494055
829251
80674
78242
220912
838093
141365
849642
71885
139283
25539
736150
476762
58994
873195
74531
88480
34931
230810
27082
68986
467512
338859
31775
36827
571040
32679
289913
49477
58080
29005
27521
112022
139515
413404
47885
553697
232574
23893
166344
105289
84160
40932
59488
95407
438402
32359
126726
146148
55227
23794
35776
84769
19938
109837
561114
50325
315989
40102
51154
46108
24779
15610
347111
311362
509112
298442
764355
674539
243556
23577
299253
25128
117182
45260
357518
49506
101852
130482
284919
32593
780661
494251
435014
431204
135404
65713
125514
134183
218355
67979
137487
28969
97060
21552
22856
482001
42082
737194
114179
23241
48905
41362
19209
340553
319830
402303
642056
337676
79913
21628
92285
139229
275083
39448
90655
378620
18699
898924
92828
604469
40211
32986
886600
69602
43991
33615
362267
56823
80376
17438
136333
78993
230881
414624
585874
34376
52171
42004
52961
94923
255948
476654
81939
70288
139862
466901
441026
36708
395768
130577
36181
136137
101503
84054
39993
136100
55755
45080
117389
436484
148584
27275
20346
135055
72392
212731
64944
128648
71410
251237
487943
113783
72834
250141
559864
37859
68328
122309
55236
87702
351702
112356
89385
139917
42717
107048
282809
48583
498779
308507
148162
41427
33725
136007
524014
31495
85201
134927
571567
355478
92154
692117
145231
90353
145244
148279
70366
76434
178938
687908
56087
561965
235000
69736
79261
71069
159815
159814
318834
136828
126270
41832
748834
111499
194493
29522
144893
109841
87549
142201
55748
130635
27453
44395
144211
373911
204056
38544
120466
67291
54286
400121
28055
101267
44489
35334
48118
32261
16721
249726
60358
132711
748466
17111
88738
402904
271475
32902
140891
238739
356711
105164
80299
467044
134234
123648
131188
37646
114298
45500
65240
779783
96885
388731
23029
115405
137097
28855
71756
350281
154302
111781
46849
143421
250765
57087
817236
263705
163062
183210
465211
136578
30597
716004
26543
121372
642958
41461
19549
29267
45426
68071
103857
114877
742284
327431
49366
368803
318137
410901
317085
572565
438606
91223
203967
29733
79099
38283
697013
498747
124013
240917
49073
220940
20118
146322
67974
524809
61254
58805
134614
102531
26917
44565
115850
23307
21352
118516
32331
126373
65656
25055
119980
147680
522605
44736
114358
35494
125068
143078
271224
42807
609993
20552
94281
77216
422933
114283
313840
226451
45444
209939
118565
220401
42437
34659
123592
596730
34660
564336
240651
19816
871897
231116
23450
110847
16064
534984
351639
29768
17788
141938
302022
667605
52507
34553
20057
44817
523901
280997
343580
307493
476503
805887
145589
22987
26754
129989
309675
32880
71545
614964
39087
425373
30692
116901
21493
109356
59024
96666
313044
139960
29432
316978
59233
72943
104932
43599
42298
321354
89693
20418
27133
350693
98654
313636
99924
71320
191145
46578
145326
89122
863258
130255
35612
106558
98800
800785
486019
112964
31049
32848
147475
38651
40903
52588
16241
33969
55597
177064
63052
406950
31425
149526
104863
65387
121234
32118
461936
828448
133343
57420
78092
21783
169594
420610
95070
338749
33465
76946
117278
191181
25620
56956
141805
368378
15110
35153
29152
243778
19903
62235
43241
110192
42696
125169
78831
77887
436349
145303
247737
200467
316460
30367
44378
143213
18677
127538
143160
559752
44264
115861
107439
34764
114492
35013
42528
210815
124426
104720
468759
110506
50541
40361
92656
49501
492084
25790
424764
38897
352989
86900
42229
57687
25014
132914
73840
85270
81959
99629
322641
33001
26108
40026
24679
263320
46732
43440
865982
72019
258401
99441
128715
178599
61852
20997
73256
47958
410020
37791
70013
39088
78906
49962
112785
92477
24049
484510
76973
29935
103841
865248
96628
113278
44939
545811
147482
159839
111895
36596
34231
94342
386930
118494
46766
888525
59035
706792
91587
667887
108857
109021
345898
266683
25463
70837
30682
493282
33913
821128
125062
179372
103964
112497
139702
31155
28880
108734
693015
527729
37945
19917
102880
17965
402443
585248
21098
360144
139900
102038
849100
53456
813491
95136
670753
36077
375479
45276
49307
166682
17604
44734
124357
97775
75864
18961
47394
90988
161378
18329
838054
63752
120207
99733
287878
135665
452112
493802
201526
751913
29023
100779
204478
108074
38638
79219
653231
133949
133769
46122
73293
124382
120514
103646
132617
132891
224217
152155
568804
296903
260550
134671
141439
98194
52943
103563
55231
20697
47317
69163
39155
71094
36040
37935
35875
729985
487981
336284
147546
430114
437422
77125
48976
279705
130542
144239
137680
26708
137947
102220
615928
116248
585379
44616
69809
51218
34914
145684
147774
140920
146591
96770
197536
391754
46369
138798
96549
120245
30080
59588
83082
140134
373591
696888
118196
43303
462689
128420
121047
36821
301405
413363
395512
38960
104628
65718
95958
20179
72104
17076
86823
118198
496281
74698
302300
323187
659743
86303
74456
23466
72006
136766
129504
73330
114575
41634
312718
228288
130432
19535
420210
265723
116047
139953
33256
143205
41635
16639
69614
134073
67189
106848
37654
47596
58240
542033
20610
127995
121257
148098
82448
110052
102859
173085
36772
37685
130066
792401
757209
30385
84230
168791
103283
17565
71803
123816
489943
407914
19782
128189
141858
62925
140337
144953
103949
277043
107068
107015
79146
88713
35610
676104
30719
23341
97601
22044
114518
40009
148990
104326
849866
224495
41746
501283
24968
64937
49247
738468
30414
112760
51550
39540
19940
41868
120472
93394
24363
354245
718386
81143
93875
304465
72899
23275
21251
328319
540056
130747
614230
32497
28815
46195
118242
428892
81035
69482
135679
100869
42402
45762
109344
49911
94967
64946
45840
120329
39570
78940
36300
621807
134887
38763
116953
284719
125341
60278
112685
133166
99922
76896
39140
280424
71707
347451
96914
412489
101606
389886
139464
41977
30772
224107
139708
49031
41098
821614
15026
128327
85917
375673
262160
109271
103102
125009
114991
837994
135197
558734
260020
117538
58784
120810
374041
22688
472960
481827
110090
148275
57994
647544
38178
30749
112237
38709
54040
104141
140327
125878
85706
147174
285612
136603
289725
230698
450985
131049
32662
47102
144921
136253
16228
122870
47369
207306
52632
195152
88981
100524
48769
95040
109760
28065
63625
211975
106421
25026
593749
146006
97946
258862
331813
348060
792809
30783
156861
110162
121803
64170
315932
308252
142203
141862
16518
473456
25140
146068
479864
451297
297654
24738
147323
15512
19980
113215
124499
344889
37293
71872
37434
132133
211633
122265
142244
104147
23647
186904
18783
48577
95259
73227
135849
39106
594065
139038
61954
45976
38666
353208
21937
81136
22158
356649
450364
25109
140147
718810
33104
695515
37187
104828
111737
33850
45166
119444
95520
268633
33983
60209
108460
19475
578095
43820
448990
138504
47798
334504
138760
207089
84994
157872
124795
606243
27556
130919
49757
100861
133013
95844
432070
140205
141327
73457
386395
146441
96256
195982
95797
23213
16366
35000
326249
82538
386774
492506
147694
148481
54406
95545
276208
25783
111996
36252
665786
78972
47819
27061
156615
136183
95458
76570
125355
67876
100668
30213
351373
120880
38587
117412
59335
43670
84518
369982
19772
24854
73508
206090
53585
193260
24215
573174
102164
125585
148718
16902
126819
479587
22863
134071
450041
92234
35331
547569
35106
67988
72787
107431
65891
88507
108086
124163
274753
543564
77083
804112
116630
148022
33105
28071
64778
140210
59899
69485
123660
291165
31246
45743
370329
106730
168174
131339
117747
15418
37250
32155
24144
140256
292343
77484
101850
47857
301411
177309
17688
41244
83439
16689
32089
117633
123906
142241
126390
91831
695814
117699
30074
122562
105726
388045
29801
44527
112788
63273
127355
125008
147892
25196
43855
128235
22506
20721
37059
131143
512800
772431
48607
190840
21699
693815
50584
27460
37896
39504
21449
15803
897175
776134
72646
132713
146681
50964
453546
883591
110961
39718
627236
39720
358190
394778
138581
91289
148492
503788
454628
148625
75747
17186
375753
412801
23777
592445
48023
145157
38874
489630
197290
31711
48066
83527
60102
134841
295673
114158
735106
806757
17352
46246
39837
137446
86484
37768
472065
477750
468984
36491
149380
17537
91145
54235
19255
43716
84635
27572
16624
47913
676865
466971
44277
149249
740128
400952
118570
99988
278359
46081
30962
407948
126693
118126
159633
131932
101878
34693
122734
67549
91470
840151
766029
110787
62623
882740
108926
109868
266333
17889
740319
127861
377926
41497
34492
78258
20077
68243
203621
383968
100794
115192
39855
45256
43562
465780
133859
119952
288761
478442
836233
51110
205320
21982
97827
515079
48231
127863
35476
714676
36493
65024
125583
68706
15197
320592
197811
45118
590287
147176
83780
319909
100158
437390
442564
53848
30473
571790
48158
63502
115445
652839
88542
69482
87556
636073
324819
47225
149717
133297
97291
45822
443962
36118
60288
105550
491871
78819
28900
47589
27721
775594
894831
48234
459611
32561
127848
49451
46024
23270
157900
710769
37618
308004
66151
164313
819519
141846
24986
690091
391684
33539
45802
43850
29284
124234
17122
27715
65777
30218
27600
668016
28881
38088
424308
16426
431999
42189
44041
18434
82535
90621
29110
67325
32090
66763
40164
47089
292245
45834
258307
56508
126090
393761
56904
32905
68005
139728
89835
26520
148317
53374
147216
75261
36243
477793
45796
109567
48625
63956
125198
93479
23345
366825
188231
140907
111728
108472
82726
92617
40586
495498
283216
18986
32325
70870
115804
94294
329412
16130
760220
312735
399179
45856
30765
15912
31205
115059
471055
76303
156272
36258
342458
20181
123282
29486
779370
359610
768712
25016
405135
68529
21511
17033
70893
63433
107841
91384
27857
141988
557742
318110
187563
40982
543825
48992
38228
18849
131413
144019
133825
134695
48143
100165
114055
704831
115674
140427
126889
64284
36050
84291
636319
137989
494422
558254
134332
70626
59507
28843
109975
437284
63936
64335
125070
264498
80366
118789
511263
173529
132800
146085
138375
39294
125610
407258
589491
155654
26263
41613
557339
249498
60370
129382
36973
35986
427321
21328
125583
30785
139075
21717
109682
136414
30525
561277
86740
105493
604203
113969
108488
732711
16090
27457
51111
79068
72984
574049
61129
73598
26526
43566
233834
46650
486721
384619
98824
138644
113319
329261
31514
56506
590040
118290
327597
19853
447400
33254
49971
175854
872190
45737
863985
132743
115973
115821
441674
84101
148329
24760
22084
202222
89022
740146
459416
481493
221965
51674
433405
19135
178483
47376
412486
620431
42748
49475
736967
31009
146217
494941
147310
88855
43225
63411
30451
338357
118304
127195
137099
223371
34504
136194
99147
127121
44514
52441
37754
856635
896523
576224
63125
99370
393774
186495
288620
869557
117351
470855
438139
23993
141947
456550
549550
27352
42238
85198
121940
136299
34620
87290
39686
32996
19047
36753
438356
376459
115598
145151
737580
113391
23099
336394
319136
49807
73307
201199
59829
45343
574638
43620
153215
186917
136859
133666
120598
19435
145318
751276
87924
40998
72048
40339
35679
104088
305018
138289
73569
39283
115952
58362
18776
36532
109828
86243
129478
34804
91985
43827
31295
38809
117609
70569
140056
386820
410600
787556
78602
403245
117442
25467
36646
31408
46891
97215
135090
23573
40759
119516
36145
459496
120306
47756
473458
462540
39908
48643
54089
181485
101328
55117
113917
73261
315512
47382
19575
20862
33881
30802
145526
134455
330920
448279
471410
78633
477802
559537
334720
113897
635220
41260
49613
139990
237823
42248
143080
59883
373192
225128
248532
751406
41894
97896
46211
95055
108314
147118
146791
112412
112127
148018
397040
68112
121885
18352
890604
45318
122166
28402
24017
25003
18377
31532
25039
27178
135999
146927
45490
37222
873580
247274
42554
128247
493065
35718
69425
70147
481276
586385
495784
36710
15471
47954
51167
81311
21916
103634
44799
421377
118513
35288
47022
140518
148053
95094
645304
473992
794906
838717
42474
26051
774266
354013
477851
40098
135831
119656
103971
345990
38971
87568
63295
411979
406854
73256
101748
123808
88685
115908
886888
17969
355078
24540
45534
154257
154370
35682
38056
51057
62623
25873
144446
25322
87055
108541
16280
257578
601565
24388
190476
435800
142226
30108
71135
686639
203675
309042
371492
64839
121259
101793
244580
811286
135945
19490
16332
44069
30650
108537
44593
118611
15400
33333
26092
49808
121899
141521
24388
834496
105519
631797
39979
812619
108861
34088
37175
592216
36258
32344
121738
108878
87551
44014
45962
103144
49698
39073
26474
107916
24171
225496
37528
855472
490561
473517
53220
62482
115812
128862
134093
51404
32700
81083
426195
17614
105449
80476
443618
794143
42386
111675
872153
43688
151853
263194
120736
46308
325317
48930
140890
15927
415652
456277
479935
15433
79036
60216
22564
42301
98820
144841
128205
255149
63238
125362
521003
22331
283874
45200
82582
149549
91384
462021
148168
135333
247847
403479
281385
688005
867682
17612
44588
132512
18214
88603
311514
215824
412102
885970
130128
117863
114452
118496
104100
122560
746935
26025
35481
17741
101446
23137
19484
104601
484905
60804
106842
17847
17638
84153
107432
731153
146106
343237
20028
130496
100135
21619
661181
55656
65438
18994
22930
306917
275035
64231
83426
150829
29974
884281
31043
519422
29334
230320
439128
38650
110561
197281
77445
105837
26888
17280
274717
79821
122155
41741
69049
43492
36532
469853
398073
15752
39327
105027
45556
30491
213546
194726
63623
84472
378975
30925
129830
89107
36490
624731
131233
803808
39421
79132
93037
15506
368029
128619
24721
261327
74117
30792
44495
188796
743145
771671
146040
19519
138130
724207
97844
78154
37321
467030
25996
23683
39196
106758
70592
228279
161787
109152
125304
135793
19862
66828
824341
47151
59553
110957
185627
244266
107066
396493
316063
58967
433079
135855
143021
92256
27659
44170
371376
62772
757891
82842
132661
141827
28942
157999
113807
23364
17216
82427
366481
44729
195653
88120
69763
82657
810259
271065
355854
292916
73759
35552
33331
137863
87837
61831
39464
248241
124300
218008
140825
27440
44965
135405
121787
25484
21112
15447
130319
242366
95444
18382
86043
727672
659427
19840
129827
27202
106166
473869
24379
31220
394820
46148
703073
430299
142536
351413
26501
125758
65827
16984
21788
102874
109315
32590
106315
105364
63727
332277
91653
281116
894410
666004
48324
323285
323598
41130
34385
58601
335522
32391
355170
133210
732900
27445
594373
27707
108080
53778
230782
28312
376344
857776
32754
101249
104820
99291
149194
424532
433447
48392
138858
24172
135004
30545
107343
62808
651953
50933
126327
91472
471459
96169
53239
80390
237746
83802
91050
18051
104628
65329
203072
575350
46741
21855
48636
85630
20985
25848
563696
146742
140902
47955
95033
15425
147058
84650
85222
35572
42666
88987
421031
16004
596075
34414
34127
30216
26823
40814
85911
133996
324740
56027
462073
57213
29694
64539
17069
133056
746758
84004
452723
64020
44949
218197
668606
496226
138251
383632
761839
64819
44091
368752
350387
20906
97350
71965
147469
137233
422605
23167
16437
198204
75615
27478
32380
391497
63704
117194
25958
429066
141251
24670
27483
49860
383422
477956
623365
76078
134804
406499
47705
123832
77624
133965
32921
37070
20139
70838
72571
93372
49261
29238
97029
39318
72878
229239
94521
45937
365869
136155
45108
894595
28584
15339
383747
130126
134131
589096
20613
19723
112909
18003
40090
101498
277428
33284
172017
131081
335508
18316
34798
546736
42160
50694
344720
428469
17853
25783
91181
77510
416622
85447
197921
97243
453088
53598
18190
72070
71696
121106
71984
41175
91343
165458
34569
140148
127015
792968
21367
137691
485721
117583
616606
51258
44819
122955
37044
78753
275193
618195
70923
23946
156220
34681
34653
234067
350697
56417
591891
54945
573098
136431
19071
25189
139478
367031
221943
890312
348674
99175
40503
338968
127437
42193
116955
21612
15443
818847
19453
99573
94677
139221
521338
60272
122103
73177
136994
240747
786201
76739
324887
136973
78645
123421
37298
23504
37028
731703
108964
44039
36389
30167
135180
552412
131502
151942
746502
425304
104523
80117
33258
72281
76439
109592
429918
34035
476401
100906
84735
84224
29715
97693
20192
102355
140969
124977
162426
127555
36639
695666
112958
428744
719565
68725
108927
51257
94971
45847
249537
63424
90907
41560
799044
46035
97021
507605
272060
26113
122106
97027
113500
21503
26018
77628
30080
23637
41371
825558
116477
41621
22610
116968
163736
131738
139127
51621
28767
39896
595568
32501
181825
19304
28079
246540
332987
70708
213198
97396
134492
47069
401191
33024
86843
29099
102151
22548
91663
61407
40558
863596
779939
350534
540343
65807
133963
88086
76942
19560
22694
43588
778461
80784
119394
148081
90509
140508
21566
20679
102083
129296
56788
769958
399485
391824
26349
247409
244324
149973
182235
39671
133840
323809
376102
820891
42968
31048
102199
44094
229670
33681
38726
26391
115599
147096
622152
90039
79564
94360
824206
442737
110303
637719
34566
661526
66285
20550
757146
25587
120209
133929
408778
34625
801586
74980
228043
61914
278301
122535
68531
32141
61498
53134
127663
26514
125535
171592
316513
511897
38768
139923
23252
46972
582203
125256
127815
142358
35516
41612
382266
138703
79938
39739
21059
34605
585621
82054
17103
21181
881605
98525
24160
120933
54697
47492
22032
124303
92319
182709
42274
685138
96031
33528
94922
410255
45593
44776
130761
117718
65766
80754
65510
55171
65037
124265
26609
715846
115036
66806
190861
138755
221175
309421
43577
287656
364219
147081
182511
146022
46495
534664
133139
131632
228691
46390
98271
43173
98865
65920
230085
63277
81371
568440
118720
50865
658105
49789
48019
20873
483517
120137
143108
21586
85646
114798
169606
27025
355984
271989
79428
235872
105024
102379
30898
255481
139354
34087
133957
41761
43969
15075
21958
791407
354328
44400
36376
91427
48131
51621
46826
135268
45187
495753
437730
100419
497594
426504
537767
430512
31263
107368
67134
83851
816480
61339
33550
108948
190938
47806
80063
428105
480649
79111
388069
99007
78648
24599
141121
43977
254268
40414
425457
135679
18573
101834
147080
116919
63426
58852
411433
142110
125458
45907
71474
15102
59150
467695
602612
108599
44371
464251
46350
48420
21737
33957
522448
132956
123447
26851
30392
117055
26894
70767
25350
114170
117426
488508
106912
135592
47035
140503
24768
105279
104560
404237
143278
20918
93427
94223
63971
385495
87346
343499
112181
178870
45324
38173
680275
82445
15923
49151
114442
28689
477850
46259
128232
16746
110013
100375
23879
45455
72100
335029
185477
104871
27815
120076
391611
135639
125767
47605
139071
56022
19319
208115
69383
20102
107897
744075
58830
33171
25899
157721
99320
56015
19427
69361
140990
212070
53313
113980
215970
94915
498445
441073
123221
41386
348659
110143
48500
87587
50660
407639
753883
36503
751125
62794
82984
93599
18550
110695
161196
95122
43436
35202
822767
49567
93398
37212
569580
184715
17979
604835
94296
43716
82787
118920
586511
297985
94078
21462
28182
282067
353762
811091
33850
44439
85312
828830
41290
676097
141243
40246
23612
514913
81776
49258
120041
156401
19081
46996
29021
96811
657849
167004
29280
292110
483892
33876
126545
67659
34845
38758
530677
148025
450344
43244
772991
425066
719270
94826
91089
813992
140068
85861
29222
47918
388858
122180
32993
45034
25646
15530
40197
43301
49802
754312
367677
53516
343865
138099
239593
39807
875372
51384
49193
385607
54630
220712
263679
28803
408215
16245
153896
52442
76171
81140
73970
320139
896422
54976
79940
72707
133648
42788
25614
71941
44143
44257
20161
31546
135905
99948
136945
17746
127641
68662
29725
40771
332416
461578
27742
104163
773558
535131
329752
140812
67343
377626
38971
29360
59308
15168
33634
733443
92031
200994
46010
31358
738547
89538
300830
22957
18947
497400
778972
113173
259287
89937
44716
65474
78682
42143
303529
73742
107685
350057
52629
769871
810948
29091
104001
45630
89567
57926
98419
44076
35444
39435
21973
39904
56158
20610
244252
132212
87129
31038
18072
75876
16062
34558
577566
56638
249547
18968
99614
717661
61016
33231
142758
61666
95216
15749
24070
96286
488161
870743
486276
125675
849131
314049
398433
34213
34753
24764
134820
35558
137911
326899
31601
109797
55540
66810
66900
132544
47933
675901
25105
38723
671598
33803
219489
36786
91775
362753
719947
48516
167544
30593
166583
96037
44846
97625
458734
46444
453113
366837
34734
464627
20957
63358
57129
42020
77753
158236
107851
308770
50192
41215
170842
126987
45898
651328
51275
51494
399877
124108
56627
26481
126100
881967
121350
145991
756322
36420
110388
115066
45674
20247
35202
129818
19454
135200
95653
387736
57098
113134
303352
106303
402987
220824
283389
70132
224575
616580
865472
90981
66692
385615
479766
90724
434790
70370
248567
63337
143207
22774
81887
130751
460875
38524
139675
128672
26477
18681
20650
28829
116403
119604
95604
551380
20901
106735
615644
18315
16698
194992
82488
710570
442207
464529
428691
88655
79330
242081
16194
62973
59695
71627
35888
251230
92965
139804
209331
25708
140290
130869
887185
103364
782971
73970
265038
146577
94743
70353
17041
272157
30051
26473
463002
48776
39898
33715
239798
545927
643600
821096
451541
32800
571516
54727
340287
60105
47669
222566
59813
854977
86900
418784
522711
79273
313356
760842
101098
166350
96393
690836
304516
143350
84388
34723
44885
833742
131676
71874
42225
346642
561299
527824
29392
116249
41193
145399
78144
121846
39847
55857
133564
87071
671111
21336
92899
110239
121612
272506
26826
560852
42026
54335
74531
67207
17139
832086
35220
133056
41772
44223
669993
131621
23787
828630
18179
478473
16747
293875
50618
444743
70637
521014
67390
32887
483916
147747
150103
444983
220639
74926
898637
472738
293549
72912
130257
103430
41920
21723
577567
79658
126316
46373
94802
651763
106261
37294
443233
93911
136737
42730
41764
84511
138095
30872
718221
243795
216876
43903
16739
119244
189697
478834
390984
135635
449100
25430
122513
58855
172118
47047
31931
317327
24893
359292
81279
141824
118552
126866
91682
97152
19054
394159
104058
157201
119768
103195
116208
433958
141005
59790
133649
20164
319561
39007
40534
82820
35885
22786
110459
735567
360532
144313
29501
48044
36207
123873
135779
165449
624319
35212
447115
30566
587223
231261
865358
50090
675600
15185
88357
16005
44477
108401
96935
702435
15503
128637
101789
43185
25338
39285
119447
44524
101452
348728
487331
30842
78552
124913
47343
47461
466296
59831
289364
30776
620620
801217
882000
20372
138040
52652
50961
107373
353827
52349
49468
130786
46686
86292
35067
39458
48919
39695
106284
447875
411178
98817
59284
36757
231278
72357
251721
219583
40938
272014
30514
21108
138303
443820
56001
392698
86369
122369
29577
15363
87488
111825
104897
102056
197230
30259
20496
135825
388729
37699
23272
108221
37471
56311
324238
126407
244797
58400
25315
28050
64161
34283
21338
41102
146608
108336
406872
83019
142786
34445
113789
63091
48695
54911
325738
85059
151735
654957
561608
430654
137051
26754
103637
117741
105886
122046
410960
51104
120737
18295
129512
91801
128312
25028
28171
91406
127029
89172
118491
23753
31151
372364
22933
103627
48784
102097
63144
21007
15607
246607
37618
83331
255958
42861
32332
86010
76935
121972
562577
23010
19508
21588
655080
886773
302662
35562
210732
691665
65445
127827
75970
68885
122111
99970
393049
114666
643304
26215
395823
251170
35196
470598
171930
30817
33132
130132
76620
27363
32860
288931
181340
86678
100336
131301
740428
18188
146459
290031
22985
39251
17473
33235
111087
32401
161927
84672
577115
108177
372058
839550
42103
26795
49382
74727
120982
17691
83777
309334
124428
109951
136948
34348
92185
346197
75233
367077
24705
46396
671079
15665
33546
44730
41148
453007
116210
128909
117881
21723
99156
89379
804955
486727
80340
54542
42548
522143
716319
67985
84250
742983
24268
72362
149808
272416
608939
148146
118865
206305
165201
121646
27293
131016
484194
48253
60491
24095
80080
41243
22578
25018
89468
43249
642323
63955
18519
41677
73771
25110
813341
733549
37198
22331
130542
307148
50740
33229
20154
112288
176022
127208
77618
77097
358688
720270
49337
113374
21789
31840
813924
351117
381516
123274
117862
30855
136428
466896
30989
20294
130857
31247
383771
46361
206128
39836
92625
124058
121058
404103
100917
54045
30484
31860
41667
135799
53417
15633
563306
295379
33374
436965
96505
43688
448354
566309
461326
144634
90550
50610
207314
46827
94980
390842
43479
890892
42885
134854
410939
25353
124926
41544
231785
44146
143005
337783
78680
55694
21127
49437
112072
423007
32529
57807
28118
19558
755312
39618
28617
196149
61139
126917
128175
205979
219306
39184
22953
717900
38909
90044
863449
135083
48247
24015
124733
219087
18877
31745
67394
243784
126063
153447
83981
33704
34928
477141
470388
450924
58937
76407
20376
39911
43028
30323
43166
119534
220541
31088
28035
35094
124944
73584
70645
578104
338843
396702
61402
18028
105354
18842
26945
237871
80690
22507
863480
126369
47125
91072
684356
37010
35384
84466
139338
127847
73011
346735
105467
35926
67615
79013
32519
144427
134495
114764
113132
126569
393734
126545
127581
615535
133387
91880
652916
25506
90757
18727
768325
75266
17638
111707
36957
32766
118418
30010
135106
24479
135046
769415
17583
141842
585475
136306
333318
102042
163074
148029
100243
68409
452000
380784
43486
113814
99841
143960
169253
32090
38569
283933
723189
759051
608088
21312
292536
601615
301242
57554
548487
228233
163299
16682
680999
289596
54074
625438
56026
121902
46290
63454
245634
35342
47899
173020
82130
182201
16776
46170
182722
43540
103055
528553
460258
243454
30908
42966
48153
470893
34334
65127
216491
58084
324737
35163
39311
30981
18728
36122
114922
116087
37046
56367
71892
65560
309970
89875
886793
120973
63169
112540
132604
655499
209208
37596
54225
820459
77708
33023
48780
243839
280528
197418
104345
607561
39917
800799
124721
55594
139574
469974
471410
35159
885751
191529
775410
562697
481765
33327
82537
46812
91911
22084
67780
133285
76098
18129
24884
23375
50158
32167
15344
38045
89348
51277
45473
40070
48944
127293
644674
245213
35794
149403
73082
82528
348369
113615
44303
114844
781732
346063
727894
503471
221631
476727
33279
148653
25442
15615
249332
49356
17082
218109
93482
37274
127625
870536
33292
109049
122299
308502
449375
29473
49338
66770
81057
88723
43797
487295
96568
21109
41921
834919
473127
96862
155995
22310
480024
17996
18367
132174
22448
110785
172239
77113
529389
790386
143589
41738
22185
323146
22698
139551
526193
314889
83641
45129
38004
39596
234917
194251
97313
209335
397701
644928
154444
361767
521576
252198
187159
23743
90780
406866
294756
100798
147114
49533
766098
144639
28242
214773
22472
447294
43352
36618
67896
49034
184040
23203
36015
229539
701788
15037
17899
40307
180506
24454
122552
31162
332095
123608
250463
527503
34767
34869
147472
100325
109425
132000
21140
73039
330494
97926
26120
47002
44622
851348
187185
350050
45006
79191
32397
18365
44111
502252
569925
64928
23980
134546
47481
131034
208842
486463
88087
19818
499699
21698
31623
26219
24010
62056
88231
86459
68140
762086
36847
28901
682563
803103
136773
20414
40524
207514
421950
19496
16123
49497
23671
55165
107262
313653
23272
646366
399213
122924
60958
691675
49658
63243
462516
50717
16550
38714
423227
102966
309870
404439
46952
161267
102507
415078
192183
294905
774249
22204
496493
25292
177855
28370
20178
22382
144473
76523
328291
123576
26435
111790
95225
49810
403579
271120
116629
626098
26696
575991
299098
593356
28576
58368
122037
44464
282704
201776
712526
470071
43130
804150
65449
22617
126811
112614
20042
77942
47722
70890
63887
20557
55476
93079
15386
83903
628320
86350
34610
31806
127148
55137
788862
117604
649456
43780
34657
141548
95939
25316
149284
33005
43956
110424
319557
45692
35777
29451
23157
48775
109068
33536
490500
129451
79568
127411
27331
160003
268866
19786
28072
102462
41504
18646
168717
87990
792897
43645
24099
61705
136586
39867
54380
86807
94561
349598
34234
105165
824493
89180
39283
107537
422360
21451
26419
67500
65432
83925
190298
113829
137852
145769
72761
101654
463661
145052
132558
865060
673687
142641
146207
118426
413100
891794
25107
88569
18677
23895
116785
454490
469505
129996
117358
24886
74233
368080
46978
31864
878018
437774
99198
143406
244737
116950
82267
420853
47887
19523
48455
39260
61540
226296
57329
868190
97003
304361
104029
163676
127338
71091
30973
35673
132324
469210
44994
118085
378165
24447
100578
256353
64970
72773
20229
68352
49163
106234
114067
23800
107762
661134
27756
90411
29446
25466
46386
861312
65705
113192
24563
43889
141753
37579
125685
31733
118663
88142
85555
366187
282148
165868
119535
138919
17841
101214
38253
44446
93366
115334
29846
122359
25433
97618
511554
50089
150097
528327
286548
32479
693949
100203
63622
232931
77103
731791
73996
545338
429195
695462
307083
405998
15340
18513
285294
33621
43981
301629
558179
27621
24321
103091
52560
71234
32343
123138
29736
111511
114630
41011
327177
63929
118281
71512
749568
613087
393105
186753
440705
73023
232863
35507
144410
365038
290941
20005
124573
93865
84503
666170
143503
105924
142358
75680
803408
105568
58164
64973
41926
19585
116681
19871
133072
21401
77974
79065
91374
138941
140497
138012
121268
294350
17860
82541
49887
118593
348537
40928
16096
42063
18261
205537
171314
423116
87153
297311
145177
159641
80043
25902
83331
30387
38080
246861
48447
380989
166640
382262
75831
884553
142692
40389
849578
66638
43504
461500
49913
23456
125833
35249
94008
25166
304238
139765
52858
49345
98355
885593
16025
100015
452286
216792
36856
307445
198715
33726
98201
855676
38127
105461
29696
33750
32300
33649
762905
669139
66390
62184
50634
98178
591695
74177
897625
18930
124871
309813
419516
100447
292677
461363
466577
22296
169853
49996
213976
78278
453893
59837
528854
313779
49664
24183
680838
15175
44473
34845
28448
130359
332614
728626
76466
319379
181489
34736
19116
145595
20323
133925
128975
79771
20501
119923
142026
229002
70291
615691
653706
86671
36791
259582
460775
356255
35365
42467
101053
103628
141383
538551
207916
16077
497335
109926
149998
145418
55966
648758
22202
72350
98904
226059
508195
264092
34342
18087
135176
176487
27578
123900
489690
279386
63488
33466
84401
112374
130456
115684
26510
37872
31217
366929
301832
379857
411303
308665
480625
80138
126154
153785
61363
44807
44004
349125
387190
55773
22459
48308
147879
121613
32546
20038
48046
743979
39654
140511
131351
61234
130474
122755
38848
134615
93464
41191
52600
38477
843808
110732
138543
225352
250950
351549
355965
43411
496117
584301
145946
74689
627740
138636
63849
130755
187427
38064
81723
184271
487861
713185
29722
27503
253866
42373
149817
225431
51611
31160
77682
47433
509995
96545
15776
265762
115240
72974
90027
39217
20567
29951
179320
86746
344817
237287
121517
29098
74506
76310
94940
19337
318160
21534
48404
427360
29238
102728
67557
68435
439434
39074
116629
42460
442775
30247
51462
675855
854866
440279
559077
312277
32988
517627
382666
370734
31003
25258
46734
157447
37571
46102
42086
76172
412173
51045
111836
124206
65609
88664
29912
407980
18908
58558
125484
39962
19142
209856
34776
36826
24449
204153
149754
862996
678423
62572
40302
27964
455218
45570
35380
31256
77488
72215
718711
426328
29037
139418
123567
54819
20320
140407
484540
28386
353734
204580
99327
32909
44486
129065
62215
790146
126419
116354
135916
835836
695471
689302
45959
467388
104478
17507
114866
18796
120436
232680
27524
193278
67126
115192
84621
57590
187616
416312
114543
36496
21416
19399
252586
842787
533088
45241
754923
66143
31986
92180
79136
349548
315390
148609
67118
141947
67393
390502
143244
135390
431102
49973
51527
138359
484942
508352
453003
57329
385962
62872
32496
165266
39928
35622
48349
201047
116495
488420
199263
167570
77768
45257
20283
399411
97484
492290
106442
22835
362697
33833
79655
67083
387490
307462
294640
24068
16722
45449
862310
139838
127062
442396
312005
842806
85852
47191
97944
413051
83793
86119
385954
145943
34126
210011
123025
136788
493624
48724
29328
90124
96339
33217
68570
68323
740797
39893
32527
52135
853007
29908
311340
81006
145703
136462
110808
56095
119445
64336
299151
50168
37925
763918
793225
677569
33120
298905
62416
80540
36123
30081
40216
333353
121766
438026
20959
888192
645342
89723
80192
42296
43174
25144
97330
609109
96989
30486
49101
782924
149475
46758
365398
147596
134830
142236
19409
88608
19406
20526
390461
650832
21369
19931
53841
37362
108374
65214
436475
103745
85650
142368
94664
115391
100273
488686
690067
31476
37541
247485
40936
24023
362879
22498
68250
38736
105113
865936
591939
70619
47152
129778
108430
126924
56020
35899
37910
112695
687378
651969
748463
863416
43866
105005
404474
267333
57036
49773
74902
128559
442317
128957
148597
146395
35241
740058
51568
101348
27552
256344
24897
785062
396802
138774
506514
350041
40948
64856
39507
60199
29313
32058
848942
81971
291729
58886
268409
110854
27210
764014
100973
805129
131353
47361
497880
120575
46600
206849
495134
56254
697201
32049
30256
104263
45810
831453
81575
109867
132516
34647
289690
47399
580471
359058
77103
94271
95689
33940
18972
42119
52613
71680
23352
100940
47758
41320
154682
125067
55611
619424
36859
48954
144737
17772
756489
76189
121734
57267
44720
751545
22907
83361
34335
112848
876019
367077
34946
113209
19643
18326
197466
79959
777670
30889
64921
120686
494737
136432
69250
869860
85042
340881
133152
160169
21010
127061
22146
62528
98607
75576
578233
793999
23715
123072
284346
145748
353738
139882
111562
198825
243659
95074
839830
572001
65203
741720
888775
20367
17550
484236
380930
59809
25484
326954
115029
48270
18419
91233
106281
211261
48733
30681
29785
887898
78184
143114
37126
102096
27243
850768
108415
122734
831697
32368
67369
231468
41113
327814
26813
22597
46047
25816
471527
92218
48271
452139
185566
16276
41378
581032
45075
377923
42767
717325
176902
651072
23180
186385
35343
112425
90881
101506
32509
877394
110175
138346
381670
95062
15535
109906
33676
32332
17510
129639
84525
45152
208916
24065
451600
27583
146385
50569
47284
207859
317414
47661
103858
32370
17863
382600
46162
136817
41922
88249
38563
79401
21723
616468
831362
488744
356964
79471
21499
440949
33814
43077
15232
72790
499180
134501
149911
92900
98281
109607
32589
46546
102029
38012
117071
16859
29594
21193
229486
136097
71923
243287
872374
338895
61301
40858
75752
72769
67537
41252
19496
22010
149926
78110
49695
44419
777977
29609
610981
47471
53114
40588
623543
74634
54063
322927
67710
31676
112651
515239
167848
117766
835453
176454
79879
112464
489254
45716
17361
133106
456944
170621
432695
61472
98086
306695
43956
97478
132615
43089
149247
16720
19679
721737
31542
57368
76038
51091
97119
143164
70490
80146
43980
129375
106535
366555
20168
24482
21122
133522
25732
136195
89553
63574
452808
809877
335386
91689
78759
611795
834992
29373
136733
82045
33173
816236
21678
52330
80908
170704
476603
778872
234587
90307
40995
545130
17870
259177
50612
361916
30642
24571
145016
36088
30335
17636
455663
502397
747055
57114
121187
35752
144541
18132
81218
115383
321620
141846
18631
61323
92763
89499
71120
169785
61940
59453
146468
273835
20594
32407
120485
471100
797752
828874
454652
140770
86682
418261
133790
42445
281114
148078
125484
51220
47717
760647
18314
66153
20978
675267
20250
74101
64749
136644
43809
142346
485869
17399
334296
44524
62209
97236
86095
600613
146970
58302
429313
91889
618791
36302
749583
449550
379630
425990
717157
113143
25016
63206
71097
104950
130493
60804
781313
533224
221186
42045
123700
21231
428532
43220
26748
451041
18948
354528
181515
22434
405594
807852
71095
25589
292950
15829
36411
23586
49939
30938
354464
640173
58131
145213
130963
73284
47170
424390
48857
62191
39947
218982
62676
22286
24186
146938
252813
119169
64171
296497
57680
436066
128793
63846
140856
66632
142950
71861
71353
25649
154789
39883
145783
281018
482340
141090
19282
42936
400683
57052
22395
115032
26370
52214
97708
137822
99037
23432
101937
46290
100207
19860
48365
300244
28342
233373
777960
95626
93457
148441
34345
81497
178207
100027
129195
132252
74348
31772
83904
113168
66200
229771
51268
82540
454228
733215
227426
36453
129366
825298
117046
26759
328633
728519
131202
138706
44057
16026
700779
46138
200919
124141
405172
76327
113299
43818
86265
148617
35557
39485
137774
59662
172952
126940
109664
104968
143951
44223
47519
15973
21013
256494
449690
226927
823760
57114
44420
105250
472958
354726
41269
62874
468731
24415
104294
39565
138357
91935
42119
53745
17058
46621
451277
18490
33250
39048
44399
670904
55327
98375
23170
28325
39457
48810
287692
29062
35944
173852
472856
57153
393278
54949
30466
107638
617714
803745
21989
172798
48281
377701
44543
258702
806818
25659
38402
75920
37676
65118
107550
90251
37092
36458
495449
103675
40856
179381
22183
75497
21078
28045
98050
680133
438540
30306
37507
350890
67885
143748
65404
67772
584832
61158
84448
344720
670988
868646
205706
351745
693793
130435
375478
58301
39175
39176
65337
22953
39380
187352
336450
276772
373863
88801
49361
31203
49765
120856
141844
91054
118040
32691
106949
20041
125751
68215
77115
111172
768203
367387
139996
80741
71543
128775
86736
63594
97295
113683
72866
27439
19080
213854
41131
41569
23837
54552
74776
126752
90216
316791
471896
62452
61819
528738
59515
17040
97949
242840
71738
19163
320269
41049
429426
146073
116953
195965
241548
366504
61051
387890
141057
45947
141319
60987
679722
724454
50836
131035
32219
105518
663355
402142
18440
100912
135097
17404
251479
445545
209186
21120
120391
23738
54608
482235
42627
246130
83264
129499
97125
42862
137575
29453
33080
418054
355743
500715
786338
19801
253887
29790
309795
147181
66540
448859
33888
114107
105770
133043
45465
34555
225816
57781
24671
306470
36671
69652
572884
28461
17079
120618
90194
838001
37236
196974
93993
226219
41488
123081
399701
40484
134931
891689
36931
27192
19178
16880
323999
248456
24924
31371
120102
32977
244329
38733
126639
408719
92728
86203
74980
130441
26231
31693
24684
315232
29915
79359
91481
116144
117277
62484
107014
44804
503330
97070
129603
87859
318234
50869
293465
120505
824605
194606
102655
93501
90588
15227
232316
149242
96772
192061
42759
112411
42925
43218
156084
38218
123150
42284
41092
28871
569183
388385
37118
29551
135398
129196
50013
71931
291484
106652
24357
562179
43683
148320
528490
404154
513001
311629
117301
79662
41085
28730
44723
113114
288071
281438
304439
34613
48122
748729
97088
46175
24160
494393
55807
754882
80123
32408
34375
128645
353157
462237
36740
37156
25649
28826
143626
18759
51661
54006
40470
18665
214038
16847
57851
144527
719033
50337
138754
41758
74103
124906
550166
31135
366763
41502
114331
70447
241960
102150
91161
76138
537067
233159
111123
68626
519335
145391
28934
525541
74893
71803
28031
91140
45018
321657
596965
125067
63530
102873
37634
120049
100294
123681
22353
733611
112004
495588
49733
81360
87172
70411
496083
590309
259603
23569
142341
19872
92288
262630
23527
431526
588108
69442
273840
102535
30915
658332
127243
341506
36071
542322
40155
85168
90066
40175
143272
100210
79254
123923
23875
98423
49879
126491
36684
29628
38712
54269
39951
83792
260739
42651
36770
95072
67049
690943
129823
20365
285099
78488
58372
29821
37578
136833
86168
389091
72660
143503
147897
83914
21489
527034
86584
28248
44935
460465
106140
146349
31104
222410
21589
117916
859616
286972
76254
681771
606017
88559
87365
96136
28555
208485
46667
93912
113002
146802
842797
17455
91463
55298
41574
19833
33598
170580
125224
415287
113519
96096
43122
81271
833577
243019
862918
32807
476760
25789
24409
430959
806006
20280
48271
447686
514072
69759
423193
246872
591514
38632
41265
35753
37395
185555
306943
34799
23149
30346
360038
446784
143934
22161
328972
42513
62713
109598
41941
518188
36702
64265
106775
73993
134838
823391
24943
60349
134664
319702
168643
31423
24758
313809
33881
74582
86652
22547
862153
129824
871255
427567
433184
56600
859121
16600
446142
869048
135209
95944
17775
31265
102877
322601
860892
87656
112241
113299
150378
111823
50774
42648
342473
20341
30170
59966
571801
497990
100739
88189
22104
143636
62203
61956
881683
62194
80509
83245
97227
148956
32337
139745
198185
18590
118117
116905
759673
271065
607090
319587
796345
39530
338357
48635
93284
438341
859266
100198
68635
113647
62578
109304
141867
184635
98968
48384
30633
62476
517152
22100
42493
119964
330631
48248
33438
38318
118000
477322
50236
68351
22529
16897
42722
589759
141134
123823
97203
569221
117794
35246
36284
60333
38449
32623
65507
90540
41044
804646
78708
798145
42230
490041
496415
24597
177832
44964
373591
94285
34019
213943
297042
50288
104530
443090
300375
171506
184960
68773
38506
69549
17009
396013
68567
178379
191977
387381
55849
63646
103144
83127
719712
298530
546373
95319
104517
110667
72651
135800
132115
129801
46015
71911
48124
142809
507532
398970
29380
43313
17982
141440
84762
166397
32832
43969
93450
758501
38105
82859
739173
147324
45996
533004
444214
689667
54636
402742
36603
53028
126757
484977
92611
694984
83120
141174
24009
68399
133001
191018
141661
191921
60794
134499
239297
502663
133051
894731
38700
201223
58289
107470
92747
23890
114533
342398
43265
861577
77926
56565
68097
41755
106273
41712
424928
18014
64475
91710
391367
148656
235981
30435
42997
111880
542446
33694
45606
17464
61383
424625
145805
92027
123381
143002
100557
30002
47654
27172
131811
116266
17144
162692
484824
732000
803963
92422
104876
47016
47227
141965
22717
470903
708435
82729
295812
76519
484769
120969
148327
106225
130201
87478
29776
649239
77773
131157
462587
46828
61240
112015
17156
387651
132075
53827
329974
320213
51383
59761
280403
95505
750869
113859
92715
130336
146803
168278
102514
30679
99993
49903
563336
69117
394002
365615
96962
618900
145680
18431
356081
125221
142372
132289
24777
659339
137798
251251
45071
391879
754227
712108
782284
100704
89790
828889
99010
96850
74673
135324
35483
46731
684923
145530
88271
329195
268271
41022
44278
95108
101001
115482
119003
276019
333668
85228
35212
22762
33673
138033
27280
257826
117803
49439
44714
353109
480642
355562
121320
35269
29507
42262
142282
575309
73958
43552
25379
228424
108238
61808
801973
376381
474920
34966
264000
27928
67300
598785
38911
69049
21124
39984
84620
41982
130440
27491
341552
133575
78390
474936
17426
38492
434287
85314
315415
60740
28774
186112
44841
59352
77724
103908
430479
47785
42127
136756
299902
40244
175846
107985
496515
126279
49160
109252
46486
95352
753970
28588
105140
297959
72297
114155
40822
35590
273335
32877
45731
615267
82478
24460
76929
49581
17908
131969
25359
599123
134770
594043
143971
325004
32919
55993
641398
649552
34029
28087
28576
75500
138237
43103
463056
689741
19981
17699
118127
44525
323917
86240
357644
100579
227602
118910
147502
142366
534408
218040
438484
127909
36218
142979
97963
339230
533147
282821
278572
139074
41305
63083
23996
90417
56346
83030
38038
199434
36261
27336
19417
61486
306665
100869
98739
73395
103589
145312
554747
89164
118983
84788
572679
566696
108828
120372
89067
742622
43711
143837
42534
259439
32768
133033
108307
128754
153444
739037
354510
57604
126824
636529
613479
34644
65644
492245
73481
77533
491967
72150
67104
113274
425682
61553
48275
862637
95983
43952
67841
59601
88201
45631
22747
140893
131666
29725
87052
143805
138806
405771
208999
43133
40687
47553
29040
142014
57442
33562
73277
380453
140664
34487
435489
67482
286137
113408
383803
36602
136957
37340
76578
98718
18926
602315
38394
651191
47021
429700
613333
34252
25365
36109
39314
19919
96532
840284
222833
855629
161603
71878
297910
133635
129099
433419
113193
733819
149772
449195
82976
424343
578905
57993
263870
124538
139958
84040
30674
32486
33756
55287
294294
25821
67648
868735
21577
148270
49371
134342
184917
49794
576618
48749
35321
211683
96953
40993
174191
120269
104998
91534
679331
85204
462352
107164
531275
142848
379377
92414
37328
22559
820098
42300
319252
42738
81712
119991
473078
43949
38788
103708
357415
23295
69975
42475
78475
42795
313252
139922
414605
694208
61848
37803
123874
863984
98841
45768
372703
660692
661524
82944
38869
70153
125482
104267
125109
45302
494944
169837
23005
458662
112815
138064
302963
31475
77126
90038
42597
647118
104047
150455
133346
93513
52873
29520
342076
265654
146615
26174
577773
112205
102130
127431
31353
16359
82708
84484
120796
17423
67330
145678
443406
73866
433826
716024
78954
84514
92066
24988
124979
110092
69327
149202
26409
141249
700158
150443
20771
96019
129552
16034
107659
248866
89357
169165
358943
135674
449359
95135
138209
19934
30945
117923
478096
508608
39903
100166
566529
519725
31236
47639
18858
30297
706738
421041
20684
33800
28505
102506
16695
122495
117682
148776
43074
261084
31331
325694
68389
474743
78886
462052
35269
35913
30269
54966
629936
301930
481452
135600
86100
76925
84453
27656
149616
33965
97852
102008
37122
811940
55084
139092
85383
687373
455517
53795
29908
18994
20775
109114
797404
23273
60023
143366
70659
546149
119965
61739
34357
15967
85113
20979
66570
776003
278829
48127
47166
52873
550245
109130
449859
123707
38526
135915
21344
124129
57870
64861
715848
475518
65192
390117
46868
441201
778356
20616
26925
49010
79648
796524
22267
237457
695567
47615
118698
61704
73640
131040
432569
96077
141288
41632
67198
40939
136773
112141
463881
25403
249334
126610
22014
48267
33860
899051
17976
43636
31046
108429
392468
76256
601794
452912
93328
38210
251324
63463
405780
58201
40333
57145
74431
144867
46417
271731
384441
859370
17591
16941
84227
81600
206567
30759
801604
743425
44800
36512
858962
38089
30792
22092
676001
71517
364856
91079
22521
42588
129737
102803
128168
71021
39688
46032
49588
75471
30514
62052
19165
51488
85554
141342
137123
87003
67549
93333
39856
27601
26702
381272
490479
410860
137633
366987
129350
112787
144691
99052
36048
106121
858660
35952
130690
36614
43545
43767
149808
747748
124128
475163
121639
459488
24232
523187
82749
226593
74524
29519
99346
788942
39928
103369
139537
303576
113858
137305
44936
63134
98547
26473
183027
19146
18832
18447
162576
128266
30626
94114
37219
119042
231846
32912
447383
18312
85848
47936
428006
62204
860735
88220
242599
614299
21099
32141
175648
590937
179823
20172
45528
551010
677062
34340
71612
77601
737210
139236
255871
101499
89925
442627
15212
23963
105602
25633
141577
19664
28397
27050
565105
149385
141442
66060
26405
658981
230820
474349
30915
23037
625338
44755
34562
142471
131686
147801
118237
38219
30003
39916
598752
222913
69672
205978
109234
38122
134300
80491
19855
44625
540280
259190
109943
207014
79270
489979
31384
34709
49173
449600
338177
123171
87499
61109
477922
84935
235601
61870
238647
23519
353141
63984
196813
422971
175736
142350
17968
45405
34226
860628
121530
146651
125398
852090
608605
66881
33210
34326
125353
422476
120191
128676
40354
99425
108035
36966
191669
15141
254428
68856
88285
424857
109323
176596
199999
79216
99596
63527
18413
144839
45344
273715
33813
273813
25090
332775
405068
577571
352025
132939
657376
124404
357261
134849
895966
153015
351231
29180
285392
33788
23680
467078
132675
117700
470605
657916
583761
133770
144961
61946
39165
582709
314244
35485
145318
17444
256069
277765
551414
116403
17200
65826
45294
126123
149151
325620
33970
407804
146498
32181
443892
298514
59568
196914
102948
62796
133355
129088
741431
43029
723296
449561
291136
21985
446193
82896
249872
402462
34825
144406
102289
36654
95657
441583
58666
180567
521430
52188
42514
368606
677884
820617
24820
149392
53337
93407
76202
545775
31644
277449
115485
127177
146155
45450
86781
195292
33064
91796
98631
22013
894880
24656
44945
24297
40319
130135
17381
256851
352650
201513
67133
449542
75363
338348
55454
106641
423860
387860
39344
118338
27636
810159
533533
99178
20259
50023
424632
83128
302832
84049
116445
24224
63236
356739
103012
26140
41017
18371
196372
158548
274126
103005
19679
723458
77595
126929
84366
845678
112874
582862
16767
255209
88186
60203
130493
22476
743383
437107
18291
16378
246910
91080
445251
32485
496380
96282
42190
51700
124896
15619
241758
373900
33032
18746
43193
46667
48248
558886
31457
739988
85269
125083
106048
77965
113909
71433
65085
409154
398775
49614
32380
25921
36503
33850
25649
76144
47465
97881
275600
30357
780191
122687
44415
459839
45768
53698
463334
23410
128580
26909
629318
645714
365613
72614
81609
122046
607329
128373
320339
584544
292230
43223
27109
37621
66237
132389
24101
134321
42188
102184
336467
119889
122629
516827
420600
484273
116108
260020
64126
123285
24563
134853
475585
378251
73149
31270
70071
98907
28211
212903
91188
380016
71207
35428
855509
44957
97014
222097
148029
102819
64803
76699
40066
53865
57363
48341
136155
143307
112461
57020
99413
198552
80738
127834
376046
116996
46201
209684
101950
46735
100586
88746
144577
467556
58582
16335
41957
69169
54805
36843
587628
330118
425877
20271
208342
139209
580753
403055
101774
63912
53528
27912
30684
21769
689354
140678
384175
452175
37304
396844
494101
50038
56369
19308
50501
51808
70204
69604
36527
86468
146538
184675
434442
76182
120089
57771
27864
60912
567484
22435
112574
313830
38709
149086
134576
84209
83902
649099
109973
45996
93459
89603
397897
19652
45540
140243
878223
139715
134747
54245
494140
148592
82702
42759
60836
88558
19196
23588
101473
31390
116936
285789
39846
185895
748245
34912
135710
93384
81727
33824
44195
46338
67626
48081
80009
146745
61043
106073
121569
18552
102551
141396
122366
841708
380312
41282
87374
178594
895398
50143
117018
194389
16399
16808
809686
46894
38052
98930
19817
349426
67452
146678
120686
122466
132789
79403
19769
80620
44914
83541
38009
399683
81503
146565
138762
144410
117148
379170
74508
75699
82614
118680
143962
20923
839343
66962
101689
829269
110563
22075
99213
115974
41789
440729
555749
130305
434952
425390
144479
56666
20348
19754
25187
116427
127297
116693
237705
100966
104322
149678
23661
883667
712603
59726
35733
166898
23414
69193
76331
155546
295045
139464
133477
40455
50359
132142
56323
89327
67843
41093
138827
211828
89086
170192
57153
336321
115484
47019
218968
31541
105847
50943
71803
33973
86026
127442
74499
81796
29133
29008
111236
65177
45476
309672
24656
279104
15896
25317
47130
513068
102503
17756
56287
51846
41795
39970
20263
56461
389548
29127
30057
109840
124633
88681
666597
115777
87305
100892
127277
58451
581817
141905
237016
300569
222655
16030
110910
88097
374163
284186
257250
21249
141996
315101
61630
388234
29789
16640
82216
177669
130483
29695
109244
20753
55221
39844
25154
575020
868493
254693
40138
145346
279585
108122
129077
37270
38976
20582
87248
73579
80802
65140
89170
35852
104263
127159
62525
49676
24798
139268
73205
849363
103032
195508
403372
682376
27997
428551
39118
99639
226101
33085
113528
72780
28362
80887
343242
471502
70990
377799
125843
92057
39603
140894
34390
114249
122054
34145
21736
319582
89473
15808
434549
51582
220301
66144
49770
123184
16897
79506
22646
127622
462665
45221
124142
45124
99775
47595
81195
65651
69841
248686
22265
25116
597521
60495
99997
17905
60745
264184
76634
68341
415268
167349
77223
784393
47686
625113
43712
294682
32335
116075
196030
810749
35281
37666
509199
35086
473451
38982
136365
44735
407660
120406
334257
16891
31793
79838
51672
34788
109438
320233
191632
85387
398822
20917
89224
141678
68672
511822
39718
783046
255223
168522
35423
33914
18286
61709
143118
21793
38690
537151
67604
49006
117721
641448
17971
227729
36186
269238
24150
108581
120374
16270
37915
16489
654750
28159
95707
30155
127281
113266
122790
472599
35720
37187
33264
40070
121703
226102
94915
482437
39472
30945
26800
175707
246457
215557
142926
36678
31426
45437
25126