794268
33235
54313
282120
70838
39217
87410
120466
378272
72950
69559
845221
165178
32919
98916
450881
56266
117794
185134
30566
23612
128232
58164
140478
227700
94967
100352
107291
113299
74562
19931
21736
25016
257739
44014
90621
156481
130590
42554
24447
101267
751853
593023
112351
198224
46390
18552
27460
76973
49010
33881
115445
42020
34723
346037
71512
128645
42528
202943
133617
169904
289076
30010
108189
290672
323628
357094
131852
17507
569926
60337
116288
110239
26888
868440
143970
70211
89538
23738
58666
271962
779919
299459
651958
821757
27912
668105
141678
51582
160240
584374
45071
90406
886306
291254
131923
54434
77768
106315
25140
21112
47806
406428
25026
75831
32691
133718
48455
148022
319137
17604
389470
134804
84181
486936
49073
196813
85198
114452
457008
132051
844731
74346
127016
29785
64870
492658
25620
147755
17139
67432
285207
126792
23586
55799
49996
85059
144973
176024
97921
73591
120420
138754
50089
882377
33676
456179
218790
137305
124350
86570
249571
91072
96532
68635
109244
19754
19116
46827
34342
139487
39686
49477
80973
115640
84284
37328
62796
41982
123045
71582
123913
880601
98897
35622
529678
22564
48281
286907
144494
55707
21489
788619
89108
703191
115598
141577
37654
45257
112815
55184
113470
389037
33539
17638
784422
35885
96177
737258
740698
272480
30392
412395
79604
15803
22146
85222
125226
775459
23167
25379
22310
111713
20697
37298
31693
467527
485360
95958
57356
35572
890720
91854
104891
44734
141178
99793
352227
142536
92524
374933
101988
121612
21013
46035
323828
455306
40928
101473
18796
122734
68203
379489
132803
98086
93911
169590
454252
468948
50867
144937
23341
70702
358113
115482
15185
41320
703889
147895
42788
74506
402570
93421
49770
134124
128068
105164
134093
126107
27363
67556
192959
21586
702311
36118
90328
90540
16897
228195
131188
123617
124141
127909
57990
124278
793681
48234
24379
142691
305201
37935
239122
90881
136414
271359
681273
127570
108980
56381
17565
128387
57027
78278
21499
122513
25589
33634
831656
31295
52666
27275
122444
304850
396825
34326
783240
17860
657995
139268
30002
288941
109837
755226
30679
129317
29628
72700
130210
429856
243105
368511
224645
128967
32841
18832
280455
112614
33279
73023
127850
258387
29522
64317
139990
244276
87924
120593
20917
130535
143968
296725
752670
404587
24738
117273
67394
422467
106974
134086
42588
35334
137051
23519
41761
896965
559441
153344
100679
26759
476662
39344
111142
91890
22476
33673
31162
25403
317184
26800
34764
264405
49971
28087
34799
98742
130255
97278
147956
32380
321859
115180
21328
615273
467184
128371
144689
51611
104451
41049
58618
39844
21007
86529
96438
19304
67393
469318
75716
836732
95216
164789
23352
266544
425156
92899
150943
714545
383887
31840
80103
39898
285613
325646
91366
74124
451829
298205
22856
372197
43949
53848
135268
61043
42193
59540
616763
101214
95538
56732
382486
145402
35673
21010
36606
102172
140891
124684
115279
487819
543173
262574
874544
872082
49794
125070
114305
33229
120041
55493
123117
124206
107701
129008
28942
537812
650270
50837
41243
95444
98930
76189
526399
141249
144455
29328
109251
765777
54160
288939
424280
126316
369586
24095
46868
58293
72440
99237
33681
46766
109771
48248
44819
39073
854171
116693
36512
63179
110690
144634
109635
46849
571504
90044
21511
65387
875345
143604
22835
789473
42004
120342
60829
88186
457553
48275
146068
78445
75201
88738
30003
75864
103121
488684
382318
402007
284563
86350
34681
145007
24065
331626
633702
103228
41092
59635
41497
65329
117426
40102
423973
41789
96031
165364
758172
94590
59836
55937
338857
142848
764299
574121
82054
81780
125719
329919
82045
888695
894335
60567
126435
20175
385703
102726
170660
792597
95983
889239
33756
439980
183207
650806
645835
40098
43492
43977
176549
152001
98097
306679
101506
20923
121990
99808
407751
478848
26473
197782
55514
364978
898103
358223
32370
46081
140890
46259
26526
149808
101898
106303
375135
149040
30915
33803
839708
118070
267433
49810
218529
18490
267609
95157
25708
20957
84960
130751
430355
276434
19163
120472
34928
73851
494387
765064
25128
169643
130126
304618
522991
23241
459187
72350
42759
25506
95144
106604
111622
29974
38477
47954
112785
825354
137974
67772
36181
179469
163493
119227
25587
718879
41244
364831
65656
111919
350661
248122
99392
92319
51661
130091
790237
52193
413246
111737
292218
16378
22907
405917
145031
145783
160514
130200
18087
732883
114383
447613
21503
80009
135916
115309
110563
460651
109598
317739
85538
38004
99480
61402
352672
107433
18419
129311
29284
91208
49382
77480
185544
63488
31541
868101
49664
42807
118743
92422
23573
524001
329206
78125
54636
146069
327123
80438
45152
19399
465172
43969
50584
21723
518787
138318
34226
112581
228456
34914
24705
71543
864972
58856
18129
83203
76144
18291
77115
21855
135140
18295
31203
330287
106705
42160
26481
33080
28050
525466
323706
16695
46373
138149
55552
33598
21577
117633
22548
64367
85973
25816
143589
311225
279949
149561
37175
391695
729469
30545
377099
19535
138396
852518
111836
59065
429808
112740
32887
842556
129964
149079
28342
23149
262733
142744
445598
41022
37646
30593
330373
34340
875804
42373
49676
606956
113789
302478
82537
378057
55277
34348
39911
60838
445828
73284
875736
26909
23099
241333
57153
30323
320985
17464
43683
19549
398945
211752
44720
311643
209776
62804
304982
248790
21098
63134
409053
399423
107851
21338
61139
346849
473474
134137
80150
82445
210560
111538
400296
135345
184403
668739
54562
40558
33850
62482
89319
38052
65908
42189
108607
52010
82097
56027
27082
17186
430303
196160
128373
15967
82478
108516
630326
520908
15896
353476
839277
78048
70645
138966
103844
74524
79903
64928
632073
778135
32807
18573
176032
538211
139144
18590
99959
134193
88059
853498
144410
42862
57699
58909
128965
29507
345459
29432
16366
106442
74386
26370
16077
44593
733658
366588
52483
129801
214946
348555
310493
769429
403094
117539
356992
26851
44439
508856
110090
64022
219371
30783
16847
20154
673915
712048
218533
406680
61363
189315
60358
147216
45108
28803
223292
591043
441696
393232
44378
108973
114867
62199
47399
474136
49567
291787
31476
38045
778064
33217
95055
51488
59568
614529
115874
138636
19490
564611
84182
44039
382949
764345
228607
131231
766724
189323
232368
174080
38768
139382
25463
112391
30155
87577
67291
114155
347277
84996
19934
176508
323332
43820
29551
148291
808972
473852
847976
49581
343082
96161
93643
140134
314752
18550
116732
114844
48308
78552
43588
360201
20161
15037
458780
108177
65377
23890
209275
242707
541330
222019
35013
33850
150359
114304
121059
66638
855095
149792
148990
129639
32662
24224
183802
54223
43173
114877
49163
49307
144520
94445
123861
63400
27572
95372
131017
55812
114931
70013
125822
91778
37212
27457
18434
175290
122306
114055
68778
55857
144781
19417
418218
48271
407965
57267
896342
92605
101452
40903
602720
148883
33528
91751
377647
379045
21124
136194
268024
854574
23307
100724
81817
245981
352956
44945
29380
506798
236180
317641
38253
47885
204584
29908
48066
66060
31772
17971
22331
30484
143160
137393
104968
24363
41941
736195
816349
144473
346791
100165
75157
130919
779691
560506
140503
31003
334383
40389
424877
59743
37236
29733
145343
885394
166978
16640
587764
99208
72464
37362
119244
120306
123150
255014
51499
37395
42437
97176
33292
513250
61726
393416
41977
106273
534327
21588
343123
104951
24656
40938
106281
31733
38723
118876
21140
136253
268617
130148
63966
657892
291078
438720
33973
87102
45834
33876
130761
142280
166024
34145
137045
142786
76327
78200
148718
345870
32391
123639
274544
127848
83613
38506
475402
343420
87551
43952
45606
205006
454492
99817
46894
110402
31390
140969
51111
101997
369989
292584
76238
35552
124992
807028
41632
99768
72707
97304
22104
892392
469272
18329
91828
78973
25902
73003
338941
734393
103628
665708
63448
91974
29152
118880
66075
29520
19903
313627
22933
112723
224267
137911
135197
546148
15503
149838
307389
38726
118203
358388
104452
717302
24777
45426
63539
134320
833908
91117
40307
24150
18930
73041
20985
138359
53528
380551
109304
104733
103335
496344
289737
359847
74907
139007
449623
107685
220145
105519
41386
62235
613951
107808
367049
91800
18028
99437
81545
827244
146651
130806
85359
787062
81271
146960
139286
134657
108184
33001
67759
394685
137123
892099
54848
61301
69199
838985
237210
243171
449905
104597
109114
133460
24597
94643
29694
220457
176257
329686
468410
22646
45490
139354
247824
135333
46246
22092
877638
175244
272035
21048
50681
130659
41868
434230
61443
74220
593320
39846
871029
86130
45996
51257
65807
41544
198814
105886
38700
118085
891094
254391
32501
26702
142245
117553
60216
306344
86065
124444
123784
67325
44799
470528
329658
112412
366003
147953
35212
125712
363475
67676
43562
304028
57039
286403
41265
143004
175843
133239
102197
214573
298220
135945
615972
38492
26609
108831
33621
824569
369800
112774
878305
92988
327184
321050
35852
144590
638538
267014
122306
117985
33254
54082
142005
634528
35246
116256
196518
25996
18665
24479
60753
30108
131925
135030
122634
29722
254149
20280
111187
81832
20501
505846
800436
109943
60102
80116
430764
19453
95604
45260
34283
20771
898866
539251
42188
445232
106949
89577
114866
124290
101713
104239
125482
474627
67452
33914
33465
133949
34569
116785
134530
102728
43193
245464
254574
867786
17841
58512
59707
863299
16767
108391
287161
137585
770988
134059
46546
450029
107536
47461
36973
124968
169779
109874
223364
89692
36503
25014
17510
34946
37028
133720
44730
40687
22204
27178
390365
562576
58852
65550
73509
30682
27478
18431
76423
60495
40138
47021
100917
846929
497063
316348
25365
364535
497090
230283
847022
143406
140812
110876
57781
32049
824932
19508
337080
879572
92102
355312
70215
398564
30385
704212
103915
40939
41502
105535
438182
36639
33132
98194
630149
422781
126987
47596
449773
23893
76091
46170
21916
695628
144374
45473
828694
74102
35679
586720
128175
130542
65214
17889
36684
47016
34390
148008
521305
16689
48270
72228
77510
46600
67368
222559
150672
19862
17033
131290
126272
122261
46138
81971
123243
40244
122488
16747
31775
99082
609950
123006
251044
127622
794825
107432
308412
118063
53220
406995
37528
118303
144691
122971
460217
125354
33327
85188
895894
817803
330486
49468
678970
48635
51383
116047
53719
41260
22267
18972
139182
49588
52135
146363
134770
90214
47661
70204
37046
122711
358329
148174
497790
18986
79003
764840
105852
132204
142182
386935
46952
20775
26754
34912
316838
149194
147187
47284
410233
121047
123465
84804
68328
656717
109664
32909
112677
841589
711434
140962
414574
18003
133770
23963
357510
34213
127061
45996
100294
314320
190836
36931
77177
93481
67993
414990
20164
62256
19855
287885
30817
35153
139071
357747
33562
63527
345294
37010
29453
39928
24854
15212
93653
87881
32337
43103
423984
850717
260830
22762
38009
122103
25659
160527
410767
824194
538404
30642
97844
108791
38283
803330
29180
221362
141090
276846
116896
43552
45802
65496
446512
197407
75319
44735
135600
494617
18371
568193
606477
363130
81585
44420
108930
102023
767871
144527
116089
149114
189158
79471
238597
899704
62500
75730
32368
308889
30514
212601
115912
128987
60085
21109
72947
98282
187338
40211
18677
101850
38056
47615
17404
102035
45768
284108
114986
17847
581163
69128
103964
128095
141057
37118
39283
116936
21369
36847
31088
28774
58805
129636
181974
82448
781939
104774
95689
127551
134791
68019
49773
65474
862071
32167
23295
39688
173017
33888
229236
766516
863078
30387
66865
68345
32486
52129
42648
19679
708599
27928
46758
22610
104173
16902
30414
81798
227444
78906
203429
626297
757190
440247
112066
698516
716185
68199
85650
60364
888724
140740
97620
92097
103512
49533
39251
421211
45743
424789
27997
40470
342200
248755
484661
20077
116403
774062
59721
29451
15026
246932
259935
43780
576194
368119
132347
19940
22459
46495
45241
306488
123381
832001
443094
21628
57213
389467
43440
134695
760767
255864
280139
29846
112889
41193
43688
23588
67508
649909
598327
458633
852396
43577
183470
68910
138277
77083
39530
135679
130080
103666
137995
103789
50396
448291
34605
418181
87172
18994
41758
198773
78948
32359
110151
43303
45129
40982
19679
135949
146941
290816
148926
178577
115827
178345
447525
333754
25144
257768
101348
30962
102506
23273
392928
718401
502638
297290
29008
27583
134321
77974
29127
506106
68570
42230
89290
68368
60836
97965
85113
125398
781623
42651
867465
732294
208155
254688
37754
91016
489410
129321
603007
37059
160351
127834
108342
24186
117167
493298
29238
19080
56359
42300
825652
42467
93344
403997
482607
32343
97128
39596
147111
93293
244968
21181
145157
53516
54764
265813
114045
70933
669152
48500
43223
674003
267041
240283
22161
76145
15425
97896
830416
101503
527822
458247
422792
25317
31425
34558
371114
18314
40333
138879
500089
274560
85181
81371
109553
367066
38971
455673
570589
31246
33694
81057
100966
57898
36757
171145
845459
35343
294957
47166
44223
27715
59899
31384
87231
32407
104569
49807
506696
67487
559782
20610
769404
87942
29790
440515
15973
34753
95269
36258
240601
109055
35159
47958
239566
20320
843197
32335
75514
83353
72631
57590
48919
55807
21989
36088
34445
60078
688053
44565
42262
45962
44622
136743
26419
93194
93915
851407
26263
78972
68466
109425
17908
339179
45444
267089
420796
115032
44041
332825
148275
801446
114963
189347
180748
90174
476950
703441
24670
31009
82209
25187
86026
174103
60359
34767
19585
48775
203178
76625
489414
27336
18367
15110
47798
133139
476526
71567
334147
27556
33800
302880
44957
71917
134546
15927
61369
497312
99904
44616
43545
18286
34809
117018
17103
415980
344869
138798
146681
52053
79825
22265
19801
138588
124499
29021
32261
62203
202970
241595
74431
407399
46996
274869
360617
89933
44371
16952
37293
40070
351091
140874
16228
49903
36654
126944
29098
85812
95653
41738
236447
282326
684675
116684
338351
143503
29110
147892
61996
149754
539044
119775
512953
237441
140327
739803
60083
97382
133860
294170
72614
113472
81030
509317
37187
295168
294809
99713
245033
45256
33256
30256
73457
105641
101950
457296
269757
58813
42513
131236
483417
34845
136800
42082
302923
489394
144802
67140
36770
154666
61109
175474
195628
108430
48976
144737
123947
35557
292519
100312
34625
68048
40216
66143
103219
704993
81052
53493
615324
815897
107620
20679
280995
139168
37621
97203
97089
42493
46015
18728
120346
83439
690497
786584
142236
422965
39917
142282
38650
82496
62209
30981
45737
19475
264719
485713
43313
110695
124721
573636
496309
88987
107985
98178
146322
125583
46201
121517
652348
16720
56103
33120
444638
94968
476006
757766
65118
21449
19560
184230
125048
398013
24482
44524
36284
555822
121257
125067
68389
117216
58358
43797
135176
72956
86843
133957
425679
29373
49261
37803
424257
572447
90971
118904
450331
94090
20367
179449
474139
32832
139464
127815
23946
31931
79474
227531
580585
35483
23275
81279
43028
132544
277184
140409
17614
29609
274779
47225
35720
892323
95033
779554
560148
50896
112095
15386
234361
241935
397580
80716
40026
121568
345613
336512
79428
683188
135980
45018
47899
39165
374189
125751
701675
25430
90426
87837
350105
16682
33104
190794
259777
141801
19919
116536
794302
19652
141267
844545
147427
523864
108861
38122
134660
633321
494780
550309
44264
98972
165458
117909
46891
406266
674050
35288
98149
21788
369449
119947
136128
79938
69517
465445
122071
104091
343673
837327
85917
27721
470540
135930
39867
55578
321600
43174
142244
82820
19484
108494
545354
95159
16624
22547
82312
503844
269516
112206
461977
112581
533155
389311
112794
199935
30080
173970
67010
33231
349363
138347
43225
99437
469111
155031
17438
285697
118013
461388
39421
59638
89222
36532
81878
121212
122090
37915
28055
57293
126866
20582
619352
48577
44076
107343
133051
61301
177616
449484
200288
31793
830047
18727
144254
16276
55454
26813
428415
19816
24798
310149
161430
45476
134253
309497
19664
81553
51057
26543
125599
705991
141819
105995
338010
48122
480843
462670
654654
89316
36411
41371
19840
129295
48944
46667
64970
317520
102188
43688
441480
164392
146234
680278
116953
377366
57755
368509
136299
274021
41772
70935
30491
21120
393385
108948
323799
47069
524380
30306
43122
30765
210708
33250
433926
605324
286015
50888
52188
44004
48724
154179
452331
124108
131690
61747
805559
88672
47756
43265
82322
195992
44807
895101
466305
29446
90540
627836
26514
483546
346709
32408
120436
81520
60804
25292
32860
121064
82542
858294
23270
210766
33536
107550
336271
53446
37945
83423
346205
22521
21698
69672
28767
76725
403061
32754
361494
435033
41612
591119
15471
859685
44804
121510
47170
687538
81605
19282
76343
376138
307539
104054
69796
35241
317100
100911
121613
852046
40197
538058
60731
499946
42248
21783
119398
818016
70057
186138
110162
16897
91050
701787
77169
361275
95333
35590
71923
601449
58372
56625
97334
38714
27025
34487
107470
420962
15912
43249
146046
117569
370020
142508
86468
291546
819289
448149
145882
47394
137529
616874
111345
249607
55221
123620
30597
20057
148625
119535
28182
203849
352343
126345
87722
64778
235279
35733
136629
68099
38976
67576
282508
471727
83981
21678
36843
53970
647597
22084
563306
175665
83914
318614
101865
28843
418281
150767
19196
57568
34087
44935
42514
872430
38449
25109
125089
288098
32118
430827
32380
882990
19723
70708
42738
135680
143080
28555
118713
482130
30247
229052
130561
254727
53397
84689
145070
112702
459724
16739
285609
72217
21193
15665
29519
71843
39472
497152
51239
16880
721453
69841
116249
25126
145678
34620
37471
49911
20557
36532
497266
31046
77711
93237
33833
62246
132289
122340
30989
119879
86750
459169
107009
55993
94271
110250
43716
396911
44755
46211
28576
327367
520941
453068
142372
313027
25003
31457
34414
23252
447702
71230
35481
115192
67118
36859
254551
66285
133648
30473
179313
31331
436810
101519
68900
59695
143854
125685
739624
800248
286609
40524
54153
123250
82541
581959
93289
27445
415707
121637
25016
20613
36186
33333
117583
21451
146468
228941
48780
199664
36376
445493
75631
37872
268271
859983
64708
21737
89357
25154
89111
27293
92180
143366
41044
147324
96078
146366
80428
27439
554293
439058
24721
96077
502960
68344
123732
125675
86369
135687
90027
77125
202536
137721
44419
144490
66316
62690
195291
20229
110013
62503
296684
237643
128775
65449
464591
38089
80871
93875
330539
52181
100182
86664
120374
451022
43827
22448
64335
25789
33466
78478
39984
31546
67300
139784
98930
419108
206678
410114
89125
316754
120207
338106
192369
30335
887161
149259
312896
75007
103627
23637
25258
95194
512454
56022
33105
123714
30719
76806
44914
532524
36856
41131
42717
496903
16270
17144
653918
43956
659746
23364
25649
384163
37270
34234
78669
18447
53884
18315
319654
18513
57399
146905
144660
464686
31426
60519
45130
448532
790050
23414
887708
49765
32902
39507
528609
24268
58820
832423
135576
61803
304721
516938
199807
35281
41634
475202
139038
125512
65390
155072
197321
123608
53443
91508
212870
71300
45898
33258
104255
203089
17361
325969
233570
23527
727030
19519
38897
73584
706613
125691
442683
115066
106421
69370
234082
43711
30785
255239
327140
108557
631367
47130
213063
206683
536932
91556
67557
21078
170681
66913
686196
45221
216768
673485
305924
212819
127043
56881
116250
488457
60958
66275
420415
611859
56378
114753
201495
457242
834254
221120
77632
96637
113519
38736
45294
143417
269283
33965
28065
600932
128241
24297
106261
98354
159394
115212
90393
43566
655417
114206
28617
143281
24968
139174
60647
160608
84117
102432
56346
18681
304412
182333
220000
219475
486982
17583
123832
21789
29341
221952
111876
123823
31049
519864
125066
96806
713717
43969
528208
326310
144026
156269
38526
174060
38012
39106
52961
55400
337846
130829
786117
33969
76634
93545
32509
47669
81686
71874
135801
144066
36258
92416
115374
491071
82303
36122
398721
141389
138151
40995
503093
438422
41461
836291
59745
808484
39435
71474
280626
77926
812819
74663
34825
84312
255210
44524
102261
41764
485160
26308
100640
135055
104593
286835
140506
361864
104523
68071
618253
122643
133087
248533
348383
68243
149859
44111
50456
55959
165109
68921
115445
364700
25848
264830
74487
132448
27621
58095
39155
195943
49789
182655
89419
98761
56706
108555
30080
23800
470510
52854
31236
44846
656268
528456
46010
56654
40822
832221
81370
23170
48253
278518
314644
132479
780408
48081
142896
44964
427788
788443
90442
851449
87346
108293
97125
47361
460150
43130
19496
144839
43411
26140
16437
109899
524631
857854
85533
129065
251997
96255
35269
115547
140664
648284
426011
52980
217597
373695
144239
345267
93205
100494
113615
95657
191396
23450
145684
24017
435279
98568
54819
59308
86011
119468
74967
262365
623208
145266
820263
28079
41282
94439
16600
458060
114635
147080
26708
28871
31371
50143
78722
49506
716398
221914
32332
49247
100198
63225
29696
148656
43074
33023
610511
787886
24656
659698
160449
29005
87650
59047
236507
31043
31986
29091
44736
129996
436934
298011
51618
59565
132891
764186
100276
280805
35249
493996
864020
20028
65203
99711
167339
849783
132324
48392
218415
75576
139089
88357
452137
26120
38219
148955
74727
29915
134766
489319
45976
20005
28031
32996
114739
469293
449915
84665
42730
117863
37274
18413
86171
232636
444366
66632
47125
38848
148279
36827
75273
126940
139225
25633
25539
847779
377390
179767
189233
85602
483138
43599
200110
146040
296983
740767
110900
152448
26391
225421
272949
20263
38210
70886
149180
26510
142393
700060
127277
39962
36243
140497
25018
248689
275988
72048
121738
30367
439436
43981
679757
350540
70333
45762
144750
113335
73892
37070
49757
41922
36300
45034
20348
553815
100210
859350
302994
120748
44841
28826
140803
138182
155975
341308
108927
95583
31745
528453
399152
213677
139515
149911
175146
663921
111001
583557
52062
30945
112974
22496
121177
46148
141174
116810
161489
123340
34385
31514
15075
15175
48271
369484
233348
584377
68715
41926
36527
102199
46108
33210
85042
19054
93008
180416
22863
370449
821344
98739
18968
35476
207134
34127
142124
288484
47918
135183
148078
711519
389900
545887
21352
255626
79392
122174
61709
46741
73993
24068
209212
57924
386605
25484
265035
21717
41488
37340
99037
18214
98590
315156
761530
121602
413215
62625
92728
154879
653084
100133
99787
36453
39570
496576
128353
144189
643444
24893
149829
92292
15400
118000
89567
92155
408069
53827
81746
116950
598030
119392
109973
450268
599919
18746
435485
410959
143748
41920
145830
290804
124421
323925
42119
840421
16280
791017
69522
20346
23577
162536
142974
54225
241076
55773
154438
83247
36071
800270
103949
22578
25821
408517
87915
54045
126461
33881
105098
76519
136534
108955
141965
145318
143469
69127
22529
61102
33546
30297
859216
15363
147096
357407
673575
28397
129221
67985
148879
106490
308212
32700
28880
490183
147709
40586
39837
31408
27465
37618
611012
230526
125801
51554
114005
20594
60238
22100
25189
77380
77763
350811
70720
61507
484085
89295
408664
99344
39904
28159
139227
480458
42696
78475
149268
95719
449650
142405
437383
21619
44143
233690
68022
48118
457695
413399
35952
18908
859598
17009
117500
787209
872453
293644
21937
144224
21416
489361
135970
763632
808707
29908
28901
136596
73393
198734
42274
148317
23671
251064
107913
121177
27133
126551
50680
56788
86484
115039
126090
224503
17537
24409
85039
88039
555744
44495
32397
42460
96136
134931
562027
108336
88723
102206
110506
239398
255735
16808
109931
42229
223738
79537
53038
27964
40009
92918
799179
738268
133817
23272
323589
726918
122857
133210
24764
42966
331829
769647
22559
74882
324394
70366
667937
48158
54889
748962
477728
88692
42143
111058
156685
124748
26823
120329
104294
35516
134563
113301
35423
36040
389358
547656
875840
120144
121497
59573
29725
345161
70970
832288
74421
36496
419201
19643
231480
60804
128318
90989
21985
311666
44588
106073
102379
387376
317555
83721
58143
556079
654232
114179
748507
133561
24679
333375
87502
493395
127355
62925
17058
696587
117862
79553
34804
392244
111681
326030
20526
214800
465826
401493
257581
89597
30170
15610
237567
258503
30973
88254
816777
24540
143299
20294
26215
119768
67791
22331
45118
22597
32977
735309
127821
91125
88505
436274
20271
484596
123920
678706
55939
122363
115485
792098
31205
93417
120049
92715
17741
22286
15752
114358
289048
32988
56756
39993
425931
806177
111113
49173
134109
122524
106121
153853
36123
42627
19772
152472
141396
616260
43185
116955
139659
172386
486523
100325
555646
17772
143001
72819
258862
48248
72070
157381
148609
46686
213301
692803
242328
17612
24884
719501
350969
78561
23680
43980
35094
447059
92779
49193
82726
180719
433876
889290
707154
64765
227926
63887
794797
49338
22084
252458
46621
63426
501152
70079
92031
35444
144918
47089
31532
129396
56633
19319
99895
337398
37896
89863
41635
768590
37198
203642
25353
88201
130981
460324
125910
82991
64065
98238
492694
27656
699971
85826
461308
335569
38874
48857
30216
23010
110605
268629
129552
488001
891515
394348
28448
133589
31135
122535
21231
201173
38911
47785
98917
24571
42190
92031
24070
461444
36678
792734
57519
123517
491620
596401
92983
181225
24160
204376
41175
145703
221540
103592
87454
121198
35365
631776
41113
390648
138300
204500
64405
45405
480697
26405
127148
119605
96790
38524
106441
235411
227765
427776
18261
28934
40164
726937
22985
61233
353646
604807
70222
167518
131084
544631
21552
37541
59964
794590
46826
36311
72051
99413
135799
25090
39088
20250
31265
23005
29040
168518
101069
446565
89388
88463
19337
103484
104828
83120
49913
64937
132668
99833
76498
30269
54286
85762
119229
27491
17426
139926
105449
30650
35331
47343
129464
104806
41504
22953
135200
138209
30674
39260
24388
100704
90655
296710
44543
232578
118675
166250
32331
39836
125341
182317
29577
147081
120372
148481
294378
711507
857910
21108
30081
133635
782054
687740
88986
45465
249918
104477
68725
697761
83729
44446
24943
445009
233066
42666
130461
76652
43874
611766
36614
48810
38632
66822
133585
100830
35794
48384
82078
188028
141134
47857
66407
113969
48019
22014
20918
19142
205384
138095
94246
853003
18382
371971
140350
139052
111815
16891
836281
144556
24986
209681
36420
208993
99175
478565
381048
97468
40070
337655
624569
121782
44400
67896
74705
112246
26603
29037
45822
45455
103243
107841
345362
72104
39565
36702
76486
138084
98638
122054
504616
306685
665887
370658
139826
45318
30749
491557
102535
87701
403273
26917
135661
766513
35342
18858
71299
846410
18842
107273
118733
50325
96458
29935
471761
148872
50337
60280
104478
772948
69169
422504
45534
370105
310864
122617
94253
553730
689162
21723
42748
880064
387007
42722
102130
626012
93507
318228
68352
119169
827873
748059
124168
62120
365632
163665
97330
147065
130305
123906
471969
160027
146448
18947
144527
80690
37507
106641
15633
353568
46978
407130
607783
70112
110376
43479
548206
134492
28900
47553
44729
118322
253879
101178
102539
31704
27707
63704
471984
664580
20979
639974
814860
46812
120221
122200
68831
89740
44714
142245
696027
38788
753196
25338
16639
207898
238075
338279
72866
137797
576771
95354
126484
91221
476484
102164
91233
71293
52247
93464
362018
35718
89470
58967
30626
23375
39720
104560
312033
141327
40302
92828
16245
737422
60346
112050
143244
97517
45947
45276
134016
39184
111081
17691
38178
82513
33725
68529
134300
80390
42534
238022
271195
455491
111264
22507
39285
610129
64973
34376
122136
390207
126279
28386
43712
107638
399699
16005
146427
42474
15344
33171
16550
19496
349099
329691
112325
91481
139710
119317
30945
381587
148736
102803
45630
106874
722408
63337
41148
63588
89022
240808
24144
463061
138289
787148
57553
168167
455962
35384
33813
65236
485074
77153
136333
94375
54800
156483
120508
356021
273545
43166
790207
822757
91801
149616
48695
145301
456556
89693
119004
62673
191088
41746
25116
43620
113278
19209
218502
840833
41378
180214
47382
140472
497332
318933
37250
178079
31263
41290
69849
132000
25783
61920
38712
28035
89227
181403
130357
31644
134077
569559
93384
66546
129027
353176
130699
39970
302341
32485
45731
136260
51199
812938
204907
125010
244559
26894
243041
98016
28969
84651
166296
141938
114095
32181
45674
68250
125167
140711
34088
379754
337448
63052
148797
49808
25196
46732
580612
32089
405434
87859
420150
80335
71885
67843
123875
294397
21973
23466
592906
101630
29392
256280
288478
142217
120688
19575
93584
30925
39847
20102
22930
115518
58271
299996
78628
404112
202500
18014
80693
22498
20610
39175
109989
115674
103139
119722
120454
744492
128239
132252
322313
51847
140258
105726
96953
49345
65975
97243
274137
51808
55742
139745
32496
87828
56146
309337
32546
138009
617602
202949
837284
280832
77012
81776
48131
217846
22296
554488
97140
22472
379724
57926
875846
139765
197822
42861
101544
646336
734933
144413
480465
472165
366561
336020
29715
36109
313949
82436
410144
433182
138741
109682
15512
29267
724662
413894
16034
44057
387084
110687
113463
64090
72186
58301
47227
26018
134973
36786
43866
361495
203106
25899
27742
239185
16776
47471
15168
62476
49497
66427
873228
107984
67962
39314
42759
582276
48324
130747
411563
225091
78154
360021
104506
71696
84283
104207
83085
113945
86878
132956
44525
31475
15829
100336
84466
85248
16194
39654
490358
52051
132939
608450
214240
216158
728190
101008
69759
105592
20496
151436
80933
71803
40858
84366
37156
99291
556501
70990
103091
51215
96389
278863
872007
551086
79580
119925
41712
49258
22957
51218
38869
88071
112836
227306
586065
307872
311002
22075
241089
118663
30451
773671
188903
839546
20567
96211
129989
272158
68322
98175
29725
135756
36218
30573
181971
120932
593226
84388
97060
141947
59667
125224
313119
133319
100940
91831
791818
90761
116495
74406
446230
141147
54911
136155
120853
48349
84448
666650
22185
36252
106437
400604
178143
45692
316726
32877
140256
133013
398818
34660
202329
304429
124303
152163
41191
575538
144158
79648
87630
306653
49475
367288
69642
365425
141470
71872
635607
25433
373345
894609
350826
42885
46578
893314
48420
61254
85843
65436
51072
733601
68431
54139
143532
54245
361490
75049
19435
115867
104603
123138
119759
297600
44399
761335
27521
89379
105354
16359
54401
89009
699950
47717
211727
196819
703113
116403
73497
97944
109447
120618
30633
125253
15530
383715
15141
328656
242043
127832
104128
194936
613031
121187
241157
138687
258892
668264
362127
29352
110013
89307
235729
43540
814548
43855
267320
76929
48643
118724
23180
63169
427575
88751
117467
109433
81723
105461
872310
121362
521902
24321
22506
39504
304168
98624
673311
137099
79099
59284
114072
28829
781562
33024
140184
147058
32848
17473
116094
217080
320466
48153
108448
64791
396697
82718
43077
205396
170334
43670
33173
130600
315877
67974
57771
15232
27552
134576
129517
146550
43089
45796
194514
491296
25315
45716
27601
145805
48231
36966
577938
105195
89224
456440
82848
22698
24886
217524
516159
23661
42968
139127
86740
69977
81364
330246
562237
690471
74348
20192
393825
739185
893966
141988
87432
112497
76923
91079
564603
70619
205713
67590
126918
122466
40936
21534
784731
81600
64027
137536
88285
783731
306425
43889
293408
654739
28730
19558
90643
135499
100579
360123
66692
46308
65573
355994
80519
891586
97708
38709
699686
64336
71756
824158
106483
393844
260725
35000
133297
85228
482661
436555
17082
197230
26435
288043
17636
21367
197392
476703
24768
364581
21493
35612
23993
118552
266052
238398
115411
30692
35752
19165
92218
78645
145356
25732
353624
91181
38763
106060
286917
15102
869429
32527
72646
87968
17863
349988
401391
383839
136342
39928
79189
736520
677175
86303
681408
34736
146822
20552
45450
46828
681034
39196
493619
44069
17688
669021
44800
45166
115775
41677
149973
44473
91554
200850
401831
344522
15615
88716
60358
55931
20906
130493
19938
139743
15506
117812
145590
337956
16130
102856
20341
430979
20978
345280
38909
173393
385427
127625
62925
82528
493113
149702
114922
95399
266525
35067
526663
114158
63424
64839
39327
867010
400739
737290
88670
97420
405633
34566
148600
35202
48516
397299
206642
98375
74177
393145
141780
45847
102611
104820
103149
40484
109029
172375
133754
31353
65085
200701
25316
885989
806772
29133
38064
253679
38173
266583
37925
126508
32219
461450
58201
61954
25873
485857
414832
498931
17041
136536
535745
63918
132075
128247
17976
188645
284162
245877
87299
746043
32300
57264
718068
91223
823019
889898
20372
347382
35428
37304
47019
94186
85987
196664
36603
67751
17982
37910
17352
759961
240639
147158
143164
194061
326455
398288
146949
42936
138755
67295
356754
76742
94870
130809
39807
24015
244029
81585
97946
862712
502275
43133
654234
52126
133116
401151
168208
124056
73653
19980
82442
22435
55101
16399
118304
85124
261092
848387
117252
28340
95238
16335
89553
32589
880975
161489
422158
24671
567310
30855
44939
92982
123665
57853
100710
45324
29821
163346
132389