126557
521093
114033
23680
28969
425061
91589
20697
186154
45606
144157
20372
104378
59100
58162
407362
117034
771812
43249
16378
27025
141273
709953
56591
62098
374594
103965
349428
32380
96026
396100
31135
77743
758891
27178
45674
839548
34660
94021
30785
268326
441395
142902
491028
275999
603715
40938
560176
117562
37298
16639
101117
59863
202705
122421
106058
71633
669489
148060
41677
24144
140958
147473
64169
651110
885108
668327
44819
27465
123061
122668
116470
363086
79445
119617
25708
125575
328436
98352
386351
228223
731856
103226
441073
34558
36654
136357
44400
87451
489500
126100
846651
29110
106532
107126
81267
22296
142494
27556
128194
111262
631265
23577
41148
639268
71179
83387
42493
29446
108447
82528
32359
24065
80736
29328
266181
84796
664898
48270
86518
92907
21078
173864
458557
261212
49757
99858
21717
104041
45996
148568
18315
111070
28342
167113
112278
18665
28880
462557
109830
37872
22331
93720
19535
67478
28035
123260
305319
801570
165048
41634
22507
205333
66729
116163
112217
54068
469623
22564
20957
22161
69537
308117
488640
304265
32496
245337
41461
58419
65158
19679
137501
31476
21140
519240
38700
66684
46812
788410
232344
144298
60156
33694
138185
645835
477951
133508
813544
25899
58994
440180
66335
105070
32848
32332
445091
898721
30256
131352
53249
73510
148236
102744
137748
45318
29628
92238
84238
55015
469990
50465
121811
125850
48153
560777
105934
54723
642736
21338
742209
24150
82707
106180
104497
591851
303164
62241
50054
661278
49261
299076
100969
89140
53618
90539
134081
29267
79220
30003
269267
461329
31162
108009
103265
64209
472916
315439
31009
46546
71300
78570
89830
65907
292039
188841
20229
415270
595153
17058
83973
71466
44041
31295
446712
41941
21352
45071
44964
80312
348700
336031
33231
123520
35733
339206
30597
84971
125455
70029
97740
117001
148760
30080
22185
851343
129416
85775
28803
37236
157418
586992
137063
213259
60562
178588
44439
213468
18994
139400
192566
32089
45976
127608
368196
318981
275759
75826
55277
291601
40586
171533
398125
29432
53553
42722
33465
34620
270869
22856
29373
110953
28934
71993
41175
135427
16276
32546
407007
746421
852470
674750
50773
148859
110890
565198
762392
77111
148993
79155
32219
216207
25365
298226
78011
176937
403492
53366
77550
407817
70258
546169
38909
95831
18003
21181
498107
847385
69770
110902
159041
16952
184259
547882
811975
21112
140574
146346
31371
130121
537440
63971
29725
39807
409159
438563
39836
101646
407332
360087
30925
77536
480011
129070
428356
288751
21552
134247
32691
38723
241129
124594
17604
106960
56583
19652
78761
47021
250423
144920
76101
32486
39472
49676
142592
37059
386194
24186
137671
42696
832811
405617
19754
131561
116245
55818
81359
46148
39260
148537
33250
282372
30642
130302
578114
399610
620023
194886
86266
19490
135991
90405
103425
373087
34213
80785
232069
432158
785508
105109
47717
147979
27601
745733
23800
135216
15471
100141
31246
42759
403860
783106
328629
30491
18550
102995
112519
102228
112071
250970
229549
178107
35673
32335
377292
148033
659432
41290
88753
72242
31049
144156
19643
107955
69343
109693
146543
816520
278711
59962
18796
73207
156431
728530
382114
76131
30247
34825
844804
137417
67147
759769
202027
272382
15512
393728
29008
74915
15212
320402
49911
617865
28730
38219
43716
131679
203786
25659
78684
44735
212682
53805
52541
374831
15752
326369
107913
330228
716661
91146
137807
301050
61004
55483
26215
388044
75314
25484
92754
554841
43077
136901
36252
93934
48919
216366
334451
141164
89364
122310
25016
483230
129458
78907
96358
147249
34445
285452
531268
41282
429312
393642
137411
105725
452526
133131
632330
64169
293819
296622
125457
29392
113655
722896
280124
343473
92841
132545
323430
144340
100489
90688
110516
39898
110947
133137
128048
271361
294845
148431
87607
34234
82663
55076
121820
148454
39867
714093
475598
93280
496255
44714
474230
123921
28031
98394
25317
70867
310108
242347
25189
43492
29040
277855
56827
38788
510877
25338
866862
28182
757806
18746
18842
146290
15967
68137
439403
21416
93370
15037
769797
96899
39911
15425
94058
46826
47343
99193
39504
861066
726508
442591
31043
380933
107655
90002
60736
111695
47954
130677
484428
25789
90769
38526
49664
584319
67787
892670
40216
729512
386200
310541
59172
113518
53102
106347
73406
20161
133580
400468
460628
26708
75486
55779
23180
29935
23241
48271
50222
131440
384973
112022
148177
45294
547838
32380
263448
106334
78044
247072
33210
137013
187319
22310
136512
310759
406156
120546
35720
125471
90889
79832
126020
25587
82407
15610
715821
95310
378321
420862
100206
91115
309298
101991
25144
23414
35622
61115
47806
462543
230212
69314
32407
18858
772087
140129
668990
110333
118328
30692
33254
294966
746678
69411
155323
400985
500604
76159
651316
37541
99696
84336
20164
82412
99693
42666
86472
46849
140521
798429
195437
75996
826440
99690
18972
120703
15141
93541
53535
18832
22014
114800
120009
21619
464789
298373
42651
39217
145492
141681
25463
302704
370232
84601
52561
308476
288703
364181
49807
37293
896503
93405
42648
105519
448126
42474
332035
136952
79390
440120
730243
574573
598348
19337
19196
143526
143719
246660
146464
17082
65013
35590
107906
28386
95871
682432
35552
25821
104922
102384
20250
81831
84100
139066
123976
40928
23671
48695
27478
132214
121122
140028
70862
30414
42730
103529
93026
141918
140112
38283
244080
126351
33965
738460
56659
344286
19417
72811
181579
339891
111645
528419
19163
141385
48392
513561
27445
711905
203426
83066
46246
30010
73820
17847
132150
59546
362023
290717
149776
51268
116769
108992
138782
66705
24363
69974
107200
496828
109599
63474
45034
430948
87197
28826
22930
64994
118147
32370
296239
16739
641302
144277
542175
137154
305899
40009
97796
113994
50727
36243
45108
100329
43711
66545
711031
251774
129594
65119
102387
450975
806882
131168
250169
64664
19558
120576
281808
260638
18286
807822
101050
18727
328904
21449
396370
121512
129517
86586
85993
454903
672913
55230
81030
56058
86348
89447
35428
151403
104322
83587
96106
121583
467886
82915
448766
21788
33024
209815
784476
73054
459114
123386
146606
258941
462891
387894
33676
17103
189356
20613
827711
276541
141215
139017
853527
41386
120283
49581
863685
135814
19453
132961
53202
212103
137901
19508
391036
117890
37471
378367
841579
689677
44588
194660
52672
21973
138556
32261
520899
423979
46894
18087
107155
120799
48118
91905
147155
37156
423546
48281
430041
127581
105256
21698
25016
82093
156634
809220
75145
25187
802120
35153
85615
19801
19940
33217
277562
138778
94237
81980
198787