700050
414430
130829
66143
115804
53417
71861
135333
95958
338475
67133
60083
79471
84153
738234
96850
18365
139710
116288
135183
32049
68140
100912
89470
46732
137863
20057
72392
40211
33171
136788
390569
51554
30785
497880
44004
22202
254189
161769
712697
49860
95333
98917
33704
328241
71091
578279
27178
76098
119980
166640
100973
99997
62578
406854
94743
27521
41504
738729
76519
88186
669252
85113
44495
668234
69442
138858
47918
19938
34610
112015
580782
445492
26419
97330
260380
43599
67537
63169
462665
70013
33983
102535
25783
146046
315533
22448
31514
348728
33105
191478
38848
187159
46035
99413
68885
108429
42467
54434
138636
270467
43303
797686
34767
82478
256309
32118
737860
412801
77083
45674
25166
35622
44807
50888
146577
139221
493282
360054
26917
152868
145769
26759
47717
578233
61747
20985
336467
129065
97291
31162
485984
48019
32401
421689
344889
57153
127861
112788
24854
32359
33681
86468
138012
46444
29099
828834
319561
81035
58289
119759
596910
57420
50740
24764
42160
100917
81520
28901
84736
523852
36496
178221
338113
61472
97176
869285
128648
118675
250765
89224
679412
772933
122174
120618
38763
28118
44965
775066
85270
23450
150103
79401
445263
24186
30772
45737
16902
259439
68635
68199
51199
42807
812516
47756
38736
81136
481200
85646
753579
53598
80116
68567
66770
20557
75471
114350
29392
64803
99711
49506
122488
146040
254683
85039
25144
753055
114438
456550
28079
371376
76038
19585
305018
127538
40389
28843
440949
48231
49437
69759
272694
95135
41243
337088
104263
897643
100166
104720
35241
492084
108460
281936
94967
148718
797383
122106
822738
361790
67843
124056
65766
818731
63936
68773
149973
16228
147081
42238
675738
108401
30973
711916
104054
40759
142758
424308
218040
139464
18434
21048
89419
21552
268271
205979
17069
648514
339230
31038
65718
32527
654361
759154
277449
294640
459745
310775
67134
437422
109682
372058
142110
483383
53313
447709
155554
54636
86240
110192
70215
101008
28584
105364
134664
800985
471932
33331
247274
507999
76189
29522
291532
124303
122734
874173
148025
30392
83981
114005
108948
220635
493321
45187
628359
242594
109797
76202
63238
55748
82657
94968
38874
854155
37294
394944
19862
71911
128371
58368
40982
43411
23586
133635
732666
25128
112205
87003
805517
25055
239448
48392
50143
30889
135916
521930
41761
73023
659675
50584
35476
864585
349791
238858
127622
485849
63083
688895
817556
123138
73970
47955
117301
137097
279585
484824
142809
449703
35249
29594
20179
869455
144239
484298
79065
27210
21449
266333
42528
44736
29005
47069
37654
39327
674740
19519
58886
232316
866800
350387
703208
53884
135405
402834
200098
79506
842506
25018
184917
581468
48625
39074
105837
585000
603887
138151
699426
115640
63358
146927
145016
312200
752443
127663
22617
26520
42460
89468
29446
18513
121613
110732
89553
243924
30872
38477
71874
22856
21973
44076
364353
243659
118418
62416
43977
36532
221631
15912
65118
29912
144211
130305
41667
172118
123808
112785
404439
402454
125224
51488
467695
31358
35603
26018
135665
73569
218828
259582
124108
78645
43130
24893
63052
107439
520192
172775
23272
791583
477141
138209
277754
137691
25783
571175
38809
40771
463881
148320
524191
399493
838508
27659
51700
672601
82749
70569
283322
629386
42820
125362
62925
102880
134770
22597
26263
104523
113143
39618
43440
160169
600950
143960
465780
142368
203621
187405
421061
58601
93289
31247
134820
235639
35094
88357
432070
701702
43889
462756
820903
671620
139765
63273
144490
33876
62476
49031
29432
30765
285106
17969
46390
37070
183597
117863
206923
18796
136586
100966
122924
220193
25996
227927
32391
17612
135825
78258
29023
20610
25708
29473
99895
141938
46686
25140
61323
34845
582574
493657
802808
30473
19496
35552
44720
17550
19435
50359
136833
128373
169219
53865
54976
149247
443962
190476
45343
858864
42968
165458
231409
90426
447294
214038
33173
61954
753479
30776
82216
37222
52188
61158
39739
63846
48733
47191
50288
147114
42225
758719
116047
246861
40588
125685
537185
15075
22459
22953
56508
85917
66828
54063
81143
41098
21723
31986
100869
119952
602586
273135
190089
68341
21503
788540
556090
108857
146960
104593
481155
28370
30650
76625
737651
663653
661629
139127
135779
39695
20250
29152
45426
226465
666791
502155
102655
16130
71512
448859
121637
134499
483370
57994
42298
43173
330159
109975
67118
76407
99213
133355
130755
23456
490332
19071
91985
55454
45256
440279
43241
700693
20346
181515
822065
33254
93457
29974
153772
91289
625083
78906
143934
659672
26795
123150
72228
38064
32370
111087
895832
47773
247485
25196
455663
25016
31043
18677
140350
144839
27293
508236
120372
320500
130432
136155
42004
339400
367377
56756
110239
341506
226593
62235
312352
647042
584587
34376
107897
344185
68323
73307
51621
61363
59335
885526
377799
262160
118552
432947
208342
29373
28050
309334
126639
128266
613705
525648
31623
57807
64022
74117
55327
46350
94922
135905
125583
131233
77115
673917
97946
41738
64970
798279
466395
129552
109323
46758
16366
651405
124382
104207
68112
30593
78633
35444
575128
20161
36491
336321
68368
20567
557514
93912
36973
161267
116248
58131
231787
247737
696197
47958
98590
61233
138754
34931
658502
523085
715038
19549
735954
106604
169795
485698
24363
133840
36791
44400
47798
454400
119392
286214
149385
66144
281147
93481
43866
110561
140894
657148
16550
283933
43716
49567
428691
81723
113909
38714
701117
114877
17186
211613
25587
608862
48636
277546
889214
44223
677177
98050
669830
106775
60358
37646
19081
15471
57213
19980
19816
22434
93599
48365
511787
87837
97140
59233
136253
309970
146745
486727
777321
420728
131034
378264
96031
35365
41191
39504
30749
36088
109425
330897
221965
416622
122524
124128
442737
123648
19304
77113
84466
17870
266144
142372
559939
147058
31532
190861
29284
52613
20294
31009
147323
27133
43577
31295
32800
86171
107431
125583
16241
405998
64839
25026
133033
541632
103091
19786
139659
71627
104517
16005
104322
15197
102164
383632
201776
698674
145805
86823
76303
114963
127909
16746
68435
428469
861054
47887
477750
31003
132544
385962
534271
100940
111728
23504
54380
829587
561828
40524
398433
21493
119889
90027
43688
105027
141383
275193
724163
71474
23573
236950
282977
40752
60804
546813
55755
19142
338859
834236
544726
126063
471502
19723
145943
33104
59695
43492
24068
45840
23895
39928
16639
162692
37198
67482
88097
42143
635294
106437
384321
121766
32986
38127
81600
30925
769516
414624
106974
124795
495728
30247
138099
18352
46108
36302
31220
79648
17899
17103
46290
742468
36207
172621
44014
148883
21534
67896
36123
141470
78092
102097
121940
323999
100447
26051
31049
124573
95319
20650
117277
67049
83426
29715
91796
294474
31048
114358
79564
892868
357169
134455
32090
84284
208916
885441
155535
26813
647654
520580
29694
50501
103915
423116
419556
299217
145318
40009
104876
143164
340881
22084
205320
48455
139418
60349
48234
24968
42437
121734
27465
92155
809839
50660
426195
50867
39073
57442
249102
35106
293549
135398
323133
335141
294970
117803
463248
275243
16426
21122
67369
270550
119947
285099
97625
365615
40586
120207
30545
96169
44041
788606
25322
19860
26514
107762
80335
58937
605958
262967
68856
77533
154370
102199
34660
82537
493624
43028
40026
163823
17965
36856
106303
35875
115383
65387
67576
32993
863888
29352
129451
115485
420881
801297
27583
33850
40361
51057
128715
118720
118698
109828
207060
290941
373591
132174
665415
104267
135679
47885
309160
18261
104147
773860
156198
77763
665989
22835
467910
100203
97125
33676
47433
95122
116208
23275
20367
102379
20610
143207
452438
370094
30514
19523
204489
144689
82842
772971
767081
62120
78478
172159
121320
202453
55993
128645
851863
34088
77753
438402
254268
19490
98271
577729
35331
131925
22185
34753
64778
86043
314560
57554
706649
233159
17473
31931
37618
124290
779313
434549
45449
222410
143160
362779
800041
19337
89875
36708
48158
39993
101865
844944
137585
559684
59065
288071
489351
92066
371867
238416
793820
571186
363456
22774
148279
78445
90780
135324
64475
112127
484510
642110
402765
206567
17352
42548
108074
58080
93450
781102
79099
92900
94643
661514
178390
30855
663252
30692
42717
20077
33120
86203
18214
271199
190417
133965
26609
88603
133139
447199
28803
141288
439195
27742
107048
435014
27964
48516
70890
84209
424764
651242
18783
37618
96532
38726
128235
31088
208999
126940
45630
298612
848747
255753
99841
69614
74102
53848
36847
826760
187427
41244
43588
234935
608702
104601
135090
15503
31256
838161
62194
148098
57553
42020
458831
106281
114304
21416
28340
22933
118000
212731
100325
589550
96770
451410
121106
17438
516583
762489
53114
20320
683318
123171
78278
148481
65826
32089
492537
294040
25338
87924
67974
103857
801541
34928
123906
92422
79003
358878
26851
18986
597409
139804
93482
142236
147310
21251
889329
16952
123421
288686
279104
38971
28617
575352
98375
25614
117794
471927
44949
529372
132000
319379
54006
65827
391210
251251
30802
120748
33229
229771
136948
736820
87499
536495
136945
47605
19558
443892
27600
126757
89553
403630
661362
22382
121058
46650
300193
24599
599537
71097
52053
197273
28055
133152
100906
81271
561975
58451
42767
91935
442324
142282
15749
67343
557014
295060
15386
474064
411934
130493
258410
47369
467463
284186
133051
47047
98841
540840
425877
39911
142201
16245
127848
139923
58301
139354
103646
694817
104820
547281
39507
379170
358943
113274
79403
58666
515868
33750
138806
141005
76739
43956
44419
49807
108238
145991
44994
148990
28072
41130
112964
27621
48349
22694
66632
18681
802723
41868
196149
105164
79330
129824
26474
35572
156861
281438
56369
43352
88249
17537
46308
435397
471823
65656
228770
70204
148584
39898
57687
148872
110013
718029
120472
273840
183446
73457
128793
229539
429918
528870
304273
43981
16739
22957
291074
29313
131301
401146
424625
17604
51167
36376
49962
452000
21566
21336
66151
47035
366481
60794
47705
49802
812689
35380
56506
43820
227602
44734
48420
34946
64171
191151
136773
101452
66692
592840
141121
365882
310156
89925
475163
387749
482001
491614
826401
44170
21193
37362
41977
56359
36311
28071
148597
110162
716555
131666
281018
38960
41832
541181
18877
557306
93545
411620
122363
41772
37274
156615
77628
111538
142691
105195
20372
332614
114922
64973
340403
71885
182958
20038
90757
89385
98865
832437
32343
589593
605481
15506
93237
89122
19853
135801
42086
31860
137305
32546
146207
237211
896927
350534
413108
49261
24379
519606
116681
298514
79838
107373
141988
27445
28242
127195
59761
132914
814627
127625
288011
318834
82130
373385
88201
286639
219087
33465
673285
215970
83082
149561
784952
813661
15339
123900
693237
243795
63727
124168
140290
33881
33833
68778
120089
106848
718752
57924
26510
105726
736774
307445
39847
329659
125512
269652
427360
24447
51672
245878
141577
36453
217222
107068
132604
108122
58372
126987
47394
237457
114158
74698
131621
23800
429857
41113
34845
82303
77708
133166
30566
143805
29935
25350
97027
20862
32332
19903
32155
62925
46369
49757
121517
54542
139765
412102
575496
300347
19772
605149
37471
108336
19931
48131
144867
442564
124142
535477
110402
33284
44565
62796
219306
765287
49247
30108
22331
234274
409192
324887
149202
678319
141846
134854
49475
87990
261084
704464
112874
480230
202222
29360
472960
129195
25292
139996
609177
38524
149475
140891
139958
145678
22158
23352
124944
16090
62203
15633
93079
397519
67198
48643
896227
111081
38088
532235
145052
125067
43077
35494
85124
132956
357261
662718
45907
131049
55236
23432
37896
596130
28900
132615
760255
118085
300623
37250
101473
349598
22698
106842
74346
33913
134766
190810
91145
136756
15512
399485
36258
67841
43089
20906
887642
52349
118117
24571
68725
657436
123714
780114
142744
19560
21678
146468
24049
87915
333353
42885
25353
18550
436484
271989
31217
19255
103964
61254
148078
64170
27352
134246
116210
118565
33940
111123
31775
397157
481452
513074
55171
415415
126373
19209
48724
723900
25484
45962
64284
32368
140969
49773
423702
32700
90621
231261
196914
51218
134841
97215
73640
138375
89693
78488
380634
52193
153444
129603
112356
34620
64539
79359
72614
59635
91974
32996
785800
142358
242155
36493
111113
34348
17863
337783
28767
49193
130132
260495
99208
130255
31676
47471
662735
99793
75233
220194
85630
65037
147680
45318
96505
98820
120221
123381
33634
478529
24015
37910
879624
74456
90881
200490
862660
43991
166397
126824
217238
49913
115391
403496
148029
627765
75680
38056
57699
47343
79219
73261
462352
24065
292213
298442
48695
269835
110162
231846
397040
21612
113807
194606
88086
356739
96914
68005
329195
97334
280424
189861
119447
353738
128775
37754
225943
38283
145748
45570
57363
118322
186094
143021
79191
109315
24986
628301
62500
67772
72761
102728
34234
120514
137393
25105
132617
20028
43797
37528
440729
27460
25620
64749
22930
168907
107851
89603
34231
120796
43479
706081
65432
83527
40936
131351
124979
46361
42474
48044
81370
22204
439462
72297
39196
125833
882303
526596
71917
550994
42189
26823
32921
114991
16859
84181
63912
153473
78669
49658
811326
548552
495723
66638
25463
155995
41746
35000
68409
122466
474323
315370
133387
48270
24768
44819
76310
704245
94923
424857
84762
83902
379377
57926
140508
756872
46952
73742
833517
465013
173529
115032
413281
760901
84511
100198
170548
39720
296607
98968
33256
464702
494397
46259
241509
287809
103908
32300
119003
43166
38758
35212
147897
503447
28182
230085
24268
46826
375479
22310
60836
222860
22507
387381
143951
86011
93372
147216
241893
282809
40858
97278
500829
82322
144374
370999
64020
671657
18727
137995
384619
62804
48775
30010
24479
442207
281114
17583
141389
52126
847335
138300
141267
69652
135639
468048
68672
391611
480644
16682
175014
26219
46290
255223
80738
35342
578691
54235
138130
425682
46170
85650
113615
114518
118983
82538
124404
99639
35163
138251
495712
197477
36122
799561
823127
94281
593454
119535
438661
126090
48780
149808
38004
142203
38253
65127
177309
116445
118920
339934
33327
46812
109252
131040
24884
864816
32167
15344
87365
45473
40070
144473
96935
97203
35794
351498
205819
140664
135999
509814
75615
284346
15615
25484
20175
56600
58201
32344
18190
48500
748775
101328
142341
137822
80009
136194
125256
39155
21098
26501
37925
347479
88220
442884
57604
688348
385607
230320
423227
325317
94296
72051
71803
17041
99629
728165
95094
358604
99437
189532
150630
119534
576219
34723
304516
22506
367050
72100
71680
26349
45898
131969
32848
21916
477956
57153
48930
90124
34809
455079
143469
220912
24321
94294
92180
784442
95844
820605
306665
23647
83120
77153
39837
59308
390502
16437
77926
149616
92715
48308
42936
731272
70645
94114
98930
545508
741497
77223
51257
126545
21007
34087
18930
21451
473141
110854
58852
80150
135268
18631
124499
820598
432017
59790
128168
68626
46495
24144
135055
56627
78144
92965
54313
24721
82488
19399
834942
116955
101499
161196
69517
130135
473992
118570
25014
78154
685522
89937
312005
17772
36532
139464
125070
90724
122560
58293
19484
878190
48118
446178
24738
39962
102874
199999
148625
17111
356422
15803
108927
55807
147774
126279
85555
25539
19453
21352
39654
66540
44593
27082
38723
555537
69559
598686
131339
167621
48046
113789
594266
141753
18419
109771
29238
614092
56103
51661
232931
123874
54552
59540
56323
868167
143278
30335
60333
490717
27572
628829
320139
103675
89164
86459
36420
234479
29609
57851
17860
120391
130869
26945
99037
583834
18129
51527
44799
292230
322148
117018
111675
119923
319136
86750
80340
39283
516344
114635
99596
496945
108472
118198
348453
134501
338608
33024
198185
43780
746802
326954
308507
141249
109840
38173
91161
341776
62772
20102
18315
98355
16025
41461
94677
84101
656917
61339
297910
185418
889267
260896
335125
212851
111511
21108
248866
127159
170467
485433
108177
44588
167073
375753
45534
56001
144841
266864
609190
387190
450364
36957
72780
20901
134576
23307
49163
155098
56158
45834
407660
30817
873626
860639
120466
86746
125398
29098
819210
41252
21338
126545
57590
471433
765652
79658
18948
27715
380930
684257
341795
97827
467388
117055
846493
118242
417603
20526
105354
76327
124684
115482
730453
63424
50192
299157
771950
107638
36243
110424
35926
86678
17638
30080
81959
313636
428744
30682
22286
42696
199263
194204
121846
27721
91472
57368
115059
122340
74524
45716
35220
229899
107701
299494
56022
88542
45118
72702
35067
37059
59899
62452
139539
434287
114543
83423
642343
326889
211777
18188
36118
17847
147482
16722
32662
464529
51110
44846
50836
752904
37175
39883
103637
744778
133013
23753
46396
46148
61402
125068
46978
169785
128672
17082
43855
46211
42788
44277
99175
873246
149526
142245
44729
34385
42966
68662
736930
89357
18646
120245
19940
40307
547466
473451
45810
33132
26391
809416
105602
74508
49356
70153
19643
812052
119468
150049
81218
127016
422360
60958
21855
407639
39260
787284
146006
93407
133001
107985
114055
269081
90251
114666
449600
152439
96161
143307
55227
741684
271120
21723
27457
34342
43956
62052
861735
454652
48905
61704
139990
42373
623813
417809
458113
21231
275600
221461
82702
39570
89086
32841
136726
77773
93328
65140
821527
41634
193278
228414
97088
191109
107841
474349
148879
198859
699548
16776
85826
433889
678972
237746
364856
74967
33466
74348
40090
119394
42274
138033
247847
61102
33023
94246
21789
89319
786965
81832
145244
69049
147709
272060
362576
796193
81195
76942
142786
781999
67394
41371
20164
133210
344720
32589
142926
23375
64946
50337
93464
177832
73011
61537
811578
569099
144973
140018
65024
551513
102551
122046
15752
592081
135600
424718
748970
866922
69193
266437
44257
65214
775373
19135
258401
115598
449542
44069
301930
566876
63752
93643
127277
59813
419111
26754
32325
264184
15927
120076
77974
26435
63929
149242
18329
39283
146322
45257
46081
50964
271065
112181
114045
56020
404474
407914
52652
610020
751191
28880
487981
41677
107685
42554
119768
872358
59829
124426
825518
592366
24679
110175
135799
134332
34647
621475
141243
44039
451934
56956
47596
347451
22296
471100
272157
72769
149829
15102
132389
34553
106949
25433
265723
18314
345990
56461
100586
112241
33536
80887
462587
110957
100704
26370
46102
105279
15425
138919
439235
18908
107550
315101
744159
73330
109304
129221
71293
81497
139838
78819
186600
341703
134124
518643
40928
882588
452139
65377
124977
26308
429961
46827
74582
205881
54225
110695
32141
408299
25873
114305
461363
95070
48769
79938
63594
109130
20957
140407
80540
96136
83914
478096
16280
53778
33725
57052
253504
17853
46122
65085
56565
101789
21723
95653
101774
41193
587016
319582
31601
169594
83019
97618
147324
134853
375673
86584
79013
40102
20613
82535
83904
145318
37046
677597
96637
136365
103634
91800
37010
73293
368080
136195
24017
36639
290233
262438
213943
25442
91080
132142
355783
51220
133460
16077
51846
144634
62528
30385
98281
26543
122155
40137
77510
134849
86671
171592
80299
894024
29736
45130
103430
402772
859396
50023
480061
459766
132891
72070
100336
136137
48253
871504
123045
317085
316612
320233
122535
70147
59831
21958
431074
64819
482222
726344
35679
101850
23993
49698
39087
773193
25899
110052
465633
63433
224107
856285
46246
670850
57771
36258
48447
172798
89835
645812
285117
92218
29091
40558
69736
39540
492837
18728
470855
46849
338968
59284
242819
136828
85359
352025
37434
331813
186112
398086
330631
43540
559856
71892
168432
818759
44246
46138
149772
129321
150151
63337
146366
75500
139882
49307
44616
32529
181477
36040
112836
80428
91188
20005
591758
106874
32479
21737
77942
39464
135687
43827
43566
133116
315624
38012
402525
147475
39251
226102
24670
327431
281433
607578
480851
147892
78680
145151
864965
87172
303576
53698
108430
75970
249547
84525
130857
35288
143589
310262
19047
664889
74727
424928
866669
120306
34569
130542
721492
494055
28448
95055
513062
41922
91470
731670
299950
48271
386081
27756
196953
94940
95983
146651
93911
47461
23099
45692
617333
79254
70370
385854
58558
19282
36646
146085
73993
23466
138706
40948
712879
118040
633389
104871
79604
145589
47125
255948
48976
64161
84635
101498
112614
78831
124721
74431
210959
143971
369726
553967
89290
69482
494393
38563
88254
30081
240651
117699
17565
127555
43249
430546
120041
36252
17688
104530
869763
109049
75864
862553
145882
23794
92057
86026
93875
74893
91911
22610
79273
57781
69485
98638
130690
873765
474920
545653
72899
47376
130761
31155
29328
15026
404103
264725
29267
85181
40339
360532
109973
405256
106048
47382
49996
116249
37187
427777
50961
53443
91587
139515
15607
25467
22146
115674
132051
330429
17399
368803
99959
40302
100861
70767
91221
155616
21698
144893
44622
30414
23180
33803
87551
65329
222388
15923
493171
124278
34558
44111
32407
165449
32887
90411
148329
267077
35202
467044
61139
116693
148974
69327
179320
63625
15185
85387
353157
41378
76929
47954
47661
792396
770610
117148
43903
48944
120191
164980
47933
551199
204007
103949
17636
74233
61956
126693
283441
350057
144953
138755
34798
120508
34492
897622
141947
79136
34681
21717
106284
51494
25189
111836
760960
488686
144527
117538
135849
427567
127297
251170
148275
60567
133648
145312
33292
145157
141251
64126
816896
477851
413890
36490
61808
129027
98824
30080
121612
175854
27440
45762
30842
45802
309042
95259
138741
318160
66237
50774
701373
101267
112685
129801
30367
21619
718606
148609
119227
410860
24160
137446
33279
75576
716825
124357
23637
30981
136817
339584
109356
417982
133297
82448
57329
19116
87478
27202
71433
34804
63426
136644
43504
107432
123025
146608
16064
116953
534635
231785
307462
494025
106234
86900
413806
81609
131676
44514
120329
45276
38650
87577
141996
477802
31246
48954
32332
69763
128957
43620
45856
44091
202821
130751
146349
42301
41921
38709
53337
60804
112497
45937
557089
104100
139283
34283
47669
139922
96953
393638
39686
354392
643465
287601
402533
46024
29696
58582
22548
292536
20414
30962
15175
281583
881092
447115
147187
136596
22863
82944
16624
129088
135106
382344
146155
57680
59035
39184
72651
38971
358030
99904
23345
396245
559335
71803
434935
460561
454616
56095
38897
395768
353762
408778
34127
342458
453511
197290
16720
354003
21369
128387
45796
44464
30323
46766
148441
18573
22472
45959
495134
128975
78602
30051
99922
88681
109867
69977
109055
766312
113299
136306
623335
172444
420435
21112
35612
246540
20118
40938
37298
140920
95797
490014
366837
212436
26826
504257
24540
149911
146681
109943
397291
249332
75831
18842
652662
851308
96037
73177
395574
314355
44939
861825
116785
347699
450791
145703
20323
302568
467995
99775
114442
443127
111172
43980
20594
31205
95072
503015
37044
143281
170704
216277
104326
116936
19575
27524
48857
42229
46891
88120
137233
25732
138703
17741
92031
149380
72646
192061
113002
675004
49338
99441
51808
471737
680494
703109
320213
135970
535566
350631
15530
459643
197230
133056
87052
153730
123920
124968
35673
710144
32380
15447
119169
33001
323835
104452
141965
25258
416519
37935
89022
90540
317414
19406
296903
450034
21783
61996
49073
33333
560011
69809
111825
65651
89740
166355
89067
37579
146949
134300
39917
33615
547418
251324
23671
402142
176022
113299
21109
116629
74177
15610
25902
100739
337244
88801
30256
35718
593778
38651
26215
28829
47857
24095
127243
382139
32988
42248
45593
32058
135030
289364
97844
400121
457667
113335
144410
71320
836721
40164
114067
436066
161927
264000
70838
606353
74506
139953
72019
146938
23167
135209
159641
73256
791073
340771
105005
29846
525707
499180
196974
39867
17507
796481
171314
575816
76434
122562
478457
23157
418054
483892
44439
133087
30491
48247
383949
480970
39311
46010
130493
77768
355984
487980
362574
58164
54819
201232
41386
140327
48784
424369
285165
127062
19535
137051
49971
470802
31772
23980
360026
22498
755172
127995
244580
880091
22331
41260
129818
132324
103012
46996
433079
122513
34914
104239
41290
191977
88480
33546
423157
358190
266441
275440
561261
40814
62209
828473
110563
104733
26603
19508
75266
30486
645045
87346
88987
234540
354013
104294
146217
230698
158684
197921
446050
42082
292677
376229
122369
167570
432742
33850
89538
483916
206128
421447
28342
127015
37699
442287
530506
46741
44057
737490
92617
36145
758215
143366
126866
26696
809611
338905
25589
19427
462021
65192
348292
20168
49101
35752
250463
71696
71756
76182
133770
333773
66153
107470
96568
159815
32754
124906
144427
31840
120406
112958
16698
100015
249872
68250
47361
106641
44303
34504
33726
65807
119516
144639
127827
30387
17979
137947
87568
67500
329974
381846
60272
29451
73508
141057
136603
86843
534040
102877
91880
433826
776328
746844
544389
68531
134073
31806
593784
716929
396493
554056
134131
117071
79537
294350
118126
96389
34657
56417
770600
39140
15829
55993
143962
519253
35777
54045
114844
291248
94980
68344
36827
112391
345198
22907
224823
92728
256069
103283
771041
35334
32509
133790
115240
34566
126889
57145
39007
39217
472306
52214
19782
52010
18295
399853
88746
154682
650244
570541
90509
49258
44524
18003
89388
140902
349878
35562
49664
99344
658665
54898
482172
15168
37945
139715
98631
413100
381663
26481
37293
25039
212070
125067
122870
157872
33528
662277
851730
90988
490385
22578
35516
121703
134546
42063
96458
89473
30989
77682
47225
41621
144937
28386
52507
23946
43220
44094
59507
62256
257699
79655
130963
121639
68243
136994
33621
335021
103369
738858
16276
663044
849699
18087
97236
342473
33969
147895
243701
118663
285403
405130
279708
229670
42402
698537
526902
495846
35885
59515
204120
101689
144839
39807
134093
89723
378054
23893
72984
750952
40995
48776
28035
132668
84935
27503
561633
104628
41613
106121
649098
85861
16518
26894
403562
30484
29577
138255
25848
34035
91689
120933
127431
453370
134109
456274
437596
93513
123592
44776
41920
53516
99988
45490
799359
605871
69361
36300
114249
362218
323146
64335
430836
20229
117633
111737
656943
129077
35776
108080
783419
63488
152534
830024
38045
31745
123707
37541
794983
50618
115180
518791
106315
820388
73082
35384
63539
82726
197757
125535
52560
459349
712753
76570
96077
418773
73771
19319
336180
744002
49497
45241
780959
594324
22985
822958
172017
23341
19840
76466
35481
82054
17361
78972
277043
475409
139478
61498
32902
252813
88981
344614
739091
140497
775457
55966
24760
29733
399877
20247
707415
19475
35196
397121
191964
25028
22044
123567
42445
25466
108221
73284
41362
18326
226651
133666
116629
870267
548825
49887
48577
31263
366187
28065
22084
115445
830642
93993
213564
120207
181340
81878
32905
99198
18316
41544
393774
33715
31425
130496
41894
52330
62204
21586
44264
42730
170922
143417
130336
143626
134804
28171
336661
41320
22032
20959
85911
180128
32497
84448
81585
17746
92899
45324
42861
209208
57990
29280
35682
22395
109567
471410
133769
101348
17280
211347
31546
23577
431204
125675
140678
873016
147096
794743
81503
40098
44817
50168
102206
121972
37685
140518
724041
260470
23010
51045
201892
46546
232501
33539
223402
60280
43818
35557
39485
74673
127834
129639
97896
44223
47519
15973
21013
429426
810465
180567
44420
139900
462073
41269
665932
89180
24415
140890
276019
59568
42119
17058
46621
270317
18490
33250
39048
44399
106735
131188
23170
89307
39457
48810
456903
29062
35944
491967
234067
56346
280997
95458
476503
260401
21989
48281
73759
44543
91663
255021
25659
793406
53134
37676
574217
868761
61848
471055
563976
69425
40856
22183
624593
545152
590747
264592
236826
30306
37507
804490
139551
91508
138095
76973
154414
307083
109951
114452
39175
39176
22953
39380
65507
89499
490479
90907
49361
31203
49765
32691
67452
73509
54286
131290
131035
840041
118865
141090
120049
897670
81776
27439
19080
194957
41131
41569
438341
112848
71353
500443
256795
428623
118196
88559
719982
717031
19163
88664
41049
67648
93384
288054
545965
109114
45947
745512
205936
90655
642950
686450
18440
55287
183210
114298
288600
134927
21120
23738
728975
42627
121530
108831
42862
220639
29453
33080
64921
263558
344099
19801
341521
29790
113319
59726
506401
54245
884011
789434
138543
128247
762173
248567
36671
129296
344720
28461
17079
808734
37236
134071
122265
133072
41488
40484
91831
816296
36931
27192
19178
16880
80802
24924
879793
32977
839943
38733
144737
87702
230810
70592
866268
364219
31693
442627
29915
67979
140256
123274
124265
64944
537352
252104
146385
52873
95216
57114
244314
109906
60740
15227
42759
42925
88692
488455
38218
342076
41092
28871
316136
37118
29551
200467
43683
116495
366230
106730
237935
56904
41085
28730
44723
245360
133589
48122
388425
96989
46175
231278
100494
32408
34375
102130
136414
37156
25649
28826
63295
18759
226296
712267
40470
733747
16847
67985
78552
100579
527855
41758
140068
31135
41502
213108
51611
622014
109271
495655
28934
382240
72773
28031
45018
815211
105886
112237
37634
104478
643875
22353
178379
131932
91778
149754
131143
92185
678633
94664
565824
23527
618354
60209
96549
149792
30915
141827
36071
845753
113945
71612
40175
262630
116403
23875
147158
77097
845498
29628
38712
532722
378655
42651
36770
70132
241769
81575
791201
99007
134492
405771
37578
94915
159768
191145
141846
289596
21489
28248
44935
112774
127177
874485
393105
241148
309813
434790
198764
122359
64336
28555
569583
46667
65203
112574
109760
212040
17455
41574
19833
33598
143114
594252
153785
68570
72790
43122
148656
351745
669909
329303
459488
25789
24409
63574
20280
48271
407948
82991
134183
252794
232547
38632
41265
103219
37395
116087
130440
34799
23149
116047
463678
265010
140427
22161
93501
42513
90216
57027
41941
193648
36702
146742
63887
187952
24943
158548
123576
31423
99787
129504
33881
56026
22547
471273
85852
497091
373079
877593
166682
133564
17775
31265
241646
93194
601721
20341
30170
402303
56311
831276
54697
114179
124913
365869
115066
109234
32337
112412
606344
57020
708688
451935
399643
39530
271731
251988
119244
105449
61486
89379
117182
56638
48384
30633
129989
248122
22100
42493
86292
48248
220824
73497
85248
353473
104950
22529
16897
42722
335356
144918
445251
140503
417620
78475
35246
36284
83541
38449
140740
123832
41044
329261
108926
42230
137852
836276
375478
141867
100794
34019
100578
70893
127847
420869
632704
778532
38506
119604
17009
446649
62056
412733
726046
113528
111895
244392
477850
84472
149717
114492
131502
58967
610739
91775
48124
840500
360010
220415
29380
43313
17982
150378
235872
32832
246457
90417
229002
38105
327439
72866
45996
393140
353141
91481
515266
449100
70222
128232
24009
124058
299253
71872
558842
38700
131084
559186
23890
43265
377626
132289
568982
127551
415268
41712
18014
98904
100135
452286
30435
136536
246424
33694
45606
17464
123608
61666
101503
73227
116144
30002
47654
118733
104047
140205
17144
341407
110013
735615
601479
47227
326249
22717
432569
412486
140856
143837
220712
84227
141862
46828
100557
69796
133106
122054
110506
118303
129823
746702
74531
101997
71021
30679
49903
70490
97708
809496
101852
18431
332416
115445
120436
24777
473869
104897
45071
319702
270249
311412
343499
320623
79821
96962
148053
141824
35483
46731
67988
449690
775304
44278
66285
102506
145684
85188
22762
739548
76138
652832
402692
134615
49439
44714
273630
78954
35269
29507
42262
130919
446142
43552
25379
126491
74980
515201
60085
27928
67291
666978
38911
21124
39984
66900
41982
743734
27491
17426
553675
123957
145530
28774
44841
760600
859404
123250
143636
40244
102803
722364
484977
126610
46486
84994
315534
159633
341100
80491
505924
40822
35590
218968
32877
45731
110090
95144
94271
49581
17908
77488
25359
245634
100830
291136
83925
32919
54630
820893
34029
28087
28576
52629
43103
144660
17699
44525
62874
132075
66881
286194
100312
36218
113647
590917
41305
115974
23996
125083
690287
102819
38038
142124
27336
19417
130441
106535
437730
62794
385512
145526
203072
292824
837861
116075
105461
723192
280913
43711
135046
42534
32768
139708
392666
178594
149678
437538
270171
136260
102150
157201
149998
126327
705562
48275
294671
130126
43952
138359
108828
107291
45631
22747
337676
74902
29725
94285
564773
272416
43133
40687
315390
29040
76144
413404
33562
367677
67368
599726
83128
102859
179314
548715
682775
100668
18926
191921
38394
289913
420797
34252
25365
36109
39314
308252
62199
201487
70708
439128
117046
133522
112425
54335
473078
32486
33756
144410
423350
25821
318137
389703
817078
86065
580881
245213
48749
35321
139745
60364
122629
528599
421377
440745
99817
517004
37328
22559
195531
42300
42738
105493
528207
38788
61540
23295
59601
42475
117583
826603
127121
102083
486019
103005
181485
79940
45768
261548
383255
463307
268866
38869
121646
130461
449195
348060
45302
432391
23005
450673
108293
142358
31475
140243
100207
123861
243578
146802
102531
490561
29520
26174
69383
143080
56287
31353
16359
63125
126811
17423
98178
121259
788026
97070
404732
88685
74907
53795
98742
359610
74689
26409
647959
494941
20771
125751
406950
383496
141134
92414
144541
60753
19934
851066
102023
119444
408129
175736
47639
18858
673598
271504
20684
821459
28505
110808
16695
133957
279067
144577
316460
31331
53220
464236
35269
35913
30269
75363
118304
76172
27656
136155
33965
732600
141178
516350
473458
89172
29908
18994
20775
88723
23273
86900
82528
135945
457275
75157
15967
80390
20979
432942
48127
495449
75920
487368
106166
96862
38526
76946
21344
57114
148776
607826
145399
46868
286158
81585
26925
49010
77125
313356
298905
47615
143503
741879
95707
118516
50325
94008
423007
111707
876636
79261
63134
25403
231149
101878
22014
48267
33860
443137
17976
43636
31046
147694
141947
38210
115192
136333
803546
72834
73584
129382
104091
772476
68921
52247
114283
52135
572833
348930
44800
36512
341850
213198
253866
22092
372269
647985
121257
22521
476727
84621
87859
145231
130542
39688
105995
200919
117412
670269
126390
19165
69841
82541
122643
105519
401037
100243
39856
27601
26702
185318
362408
85222
147747
36048
84388
469307
35952
131811
36614
43545
43767
57129
121372
135176
24232
199434
113278
29519
54911
157900
39928
95062
132512
441674
44936
62572
419768
26473
372069
59745
332095
18447
71545
30626
522239
37219
115827
18312
251449
47936
50090
336394
749213
423962
51239
99437
20172
45528
402953
34340
72281
133649
107262
72350
15212
23963
226451
25633
63527
19664
873318
138966
430479
96096
297226
51258
26405
265654
103512
23037
781526
44755
34562
352094
737890
413363
38219
30003
39916
339249
51582
69672
38122
61709
382266
801041
44625
613320
81971
653529
31384
56146
49173
102029
122046
123823
70659
128205
23519
63236
17968
852369
34226
379857
78993
142848
69128
366114
329882
95407
33210
34326
196212
146022
370560
40354
344425
266272
36966
15141
53374
52961
663809
314215
104001
148317
18413
50541
134321
33813
25090
254312
890886
863926
85204
187563
496226
125910
23680
88231
417675
104828
452054
91710
39165
35485
126792
17444
285172
63400
17200
56027
45294
85228
299151
33970
82582
32181
98739
184960
106442
82045
100779
357518
43029
21985
774532
415908
560732
36654
89933
145783
194992
137099
574575
249703
24820
99010
115850
88271
443785
31644
136299
137798
455218
45450
115908
33064
63849
63646
75716
220502
24656
44945
24297
271065
279705
17381
132252
59453
133949
53528
39344
474805
27636
280159
79132
20259
812540
99147
69549
24224
76254
122955
26140
41017
18371
110961
19679
101950
92763
16767
88716
315850
77480
22476
18291
16378
138762
498779
464319
42190
50569
74124
81052
547811
587287
104255
48248
383227
861768
158057
134234
649902
143078
83030
594737
91181
49614
32380
761433
36503
182511
674737
107015
791026
446513
80716
438139
475585
103121
74663
138760
23410
346624
26909
137123
61852
113859
90406
506084
27109
37621
75261
106261
860214
59837
42188
316513
683668
142346
448929
118789
452856
77380
123753
433519
31270
65705
148653
28211
105165
200489
35428
44957
83331
870818
70071
455475
40066
76896
51568
48341
674238
65560
437606
142366
63966
50612
117167
328081
46201
95689
334504
125458
70837
222097
90981
16335
334720
68529
101249
36843
259287
568197
365361
318110
609603
125062
139089
27912
108955
122444
280528
123184
37304
286998
105113
19308
123660
56788
101069
492715
36527
91233
397982
77445
147546
65449
27864
22435
94078
810775
92288
139071
109664
248532
457715
112815
45996
120102
129778
19652
55184
57993
313779
134887
132675
497826
115812
42759
570401
448354
19196
23588
125341
31390
163736
39846
852570
138774
86740
494422
33824
44195
46338
332080
48081
85042
96628
486463
121047
670339
636137
143406
103627
476743
41282
147174
132939
196030
16399
16808
191529
46894
727923
356255
119004
406866
492367
153460
67300
787774
88507
110690
83439
44914
82614
38009
71095
102873
139236
70291
108734
140770
452339
373911
371154
75752
20923
129830
106273
873175
22075
128862
84004
41789
92524
733968
76331
20348
19754
25187
734441
83641
114866
103628
145680
139268
23661
61831
35733
23414
71517
788356
557314
501853
104569
54945
102966
65438
315493
149040
41093
104998
126419
779700
413442
47019
31541
159763
227000
534715
33973
134931
358167
722703
76634
29133
442775
246410
686284
45476
827793
15896
25317
47130
464476
17756
98718
135390
41795
39970
20263
114107
29127
50837
52873
142979
61129
338357
441159
116427
113969
103745
421662
123732
803088
864181
59743
115599
78708
29789
463056
110092
148081
29695
309795
20753
90044
39844
25154
40138
107368
685386
104560
37270
38976
20582
302755
402860
63277
142014
117604
35852
467497
104863
300221
49676
24798
100210
237510
143005
27997
39118
91682
121177
109344
204580
598241
424343
231641
99291
386269
85201
64027
232863
34390
138064
70990
34145
21736
88087
60838
106073
73996
49770
88713
16897
118494
22646
140812
45221
80620
45124
65177
47595
85447
84366
109244
742698
25116
405588
115036
17905
96885
355743
95033
276208
519165
47686
43712
451600
148492
35281
122306
35086
38982
145213
44735
798990
16891
31793
117351
119964
34788
388365
124633
20917
86350
624717
631116
144413
35423
467512
18286
723591
325457
608307
806944
101053
49006
374557
17971
36186
24150
779066
122711
16270
774632
16489
28159
72571
30155
122552
136766
296941
35720
37187
33264
40070
879884
90038
39472
30945
26800
348369
53841
36678
31426
45437
25126
127832
48992
395995
29821
493802
23252
607250
36411
18832
139826
39106
71923
792317
767610
77484
20978
82820
287878
125482
127061
73277
49911
16034
47553
41635
101748
55597
43949
484769
56367
84291
134830
345898
319907
92256
36753
24160
114170
20154
19818
42193
43688
113519
824936
670592
68328
52062
87055
414605
31476
26888
62482
87071
62484
17404
97243
154361
179381
593839
117216
61443
445691
108861
127148
128637
42748
405429
37803
16332
395398
24357
52588
576927
202575
113266
68900
321354
41764
109598
358381
86682
50089
823456
16600
49345
350041
23270
207859
124871
138798
25316
32807
117358
31236
122971
23241
222655
99178
86303
32860
248456
682987
332017
243021
125691
872161
140825
148168
88855
135197
323462
19496
79146
170842
49789
34445
42252
523020
330295
100892
545982
66060
57356
218755
819505
47284
67615
366651
226194
50681
816901
21937
33231
29008
24684
132212
123700
89348
145007
54966
103484
32485
91889
149926
77711
130747
23837
37768
43185
143002
332277
72660
121803
44446
58084
69127
234828
77216
38909
701639
88738
99993
45822
127355
51268
149549
51618
28815
15400
34487
59588
106758
39421
65920
92154
338749
39435
134530
95939
61016
121569
283216
33438
19919
63956
59662
652300
117426
121187
83085
42666
437390
147080
846117
81006
172952
359292
122495
109837
376608
835869
127293
252987
401635
120374
136578
30466
79428
72150
292245
160400
357333
109152
134321
18367
27478
24023
500097
48404
537616
63622
44486
287936
459121
26526
277428
31408
141396
705478
36826
270582
99320
42648
67759
444214
146498
886646
21328
641484
81712
222566
30783
463002
72707
82708
168174
116968
43969
349693
851976
112325
403245
128068
280403
438145
86484
63463
826762
32335
27707
106421
137575
25315
100027
126123
27025
32331
123006
94342
48066
91427
135674
390117
43174
124141
116403
386312
43716
206305
139574
29776
37596
51111
876330
61630
44143
74101
126316
25649
38089
45672
44473
45152
202361
185895
589798
661500
27275
98897
677814
433958
40197
339910
20552
98419
131236
143244
49533
15110
72464
68352
129737
28588
72956
30674
113470
42588
696735
81817
61234
79568
74980
740461
370329
449584
122755
131738
55857
359419
245832
755135
131413
664049
525846
256851
103708
30681
45976
37028
41215
126944
30597
271463
786475
114630
131157
82445
74634
49477
61914
426165
134671
120853
21181
185555
93333
23137
43223
61705
22267
411303
26473
83729
36606
29908
44371
115518
20192
57267
29180
30719
62676
18132
33235
191669
320441
91072
217049
97295
89227
147469
162112
58302
249498
55084
16640
62184
60593
102056
346063
149194
91223
23364
15363
72186
143503
358149
66962
138009
67393
51383
35558
238739
220301
46735
499541
53239
497594
803003
133285
286896
33850
115334
45075
138289
31704
25790
443090
51674
17033
571943
143108
268645
43670
141174
269238
41632
270768
51621
127815
92828
39565
857312
141678
237858
66200
29341
492245
67557
365430
34414
389361
37126
121183
135800
846515
289725
101988
303352
70923
79903
44964
145326
137911
354328
61301
43074
424052
21140
453032
294756
61407
219318
144691
23743
59809
273715
25003
83802
84735
27556
120485
300830
65644
118496
481827
24886
72217
444723
126924
47021
33914
455625
37092
92779
85198
48635
40319
101506
288931
301832
40216
352650
133477
46373
24215
83903
88608
43969
263870
127863
104968
67126
80509
48153
102874
268633
402987
81140
17614
33258
125221
34213
122111
827922
698659
47102
512576
63243
71543
44716
36503
482340
141440
161378
26708
68022
55594
104628
67876
23777
859576
114764
143213
18947
37859
136183
95352
25109
405665
330542
24597
338084
59964
17638
706711
322641
33673
115029
149151
141805
43225
21499
130981
29021
146791
667327
30642
18968
91050
49451
76806
92319
400160
23272
707644
137487
43193
61043
95444
33800
61946
497435
15535
42514
142692
583373
143421
93479
112288
20679
49034
148022
38690
89170
265762
33649
18382
49939
58805
34625
736395
22987
141327
467397
227426
26315
96393
91801
120810
145595
125767
263194
30218
39285
716763
83127
99346
18746
36181
16747
92027
35343
287656
27363
37915
62713
355965
466781
95604
44395
92285
43809
60358
80690
472537
47399
45166
399844
45260
47899
126752
147118
424444
28397
30216
17040
18028
561683
16984
407324
270489
847400
58784
24454
100273
108599
454628
89567
496612
33888
755594
21367
25921
42386
67390
45108
105924
81057
74562
733422
256089
44524
343691
57087
449375
34736
78940
17889
420853
690553
20496
34334
101937
84769
822599
97089
177291
32909
23203
21511
428892
67780
799859
388731
52858
62625
55476
391551
487943
30297
49588
32496
33217
21588
99052
15037
45405
878876
81371
421522
271904
656470
29725
17841
38178
71941
34335
73866
40333
100419
135200
157721
29037
98791
352989
28942
126551
610020
25816
61109
24070
51462
32397
382262
36458
593019
140134
37212
121787
77965
432743
29785
95657
90307
215557
176487
128175
136097
23213
503215
46047
281904
147181
93427
34605
21577
20501
54040
41926
171192
55849
673187
688843
114986
41612
435072
43874
47806
16689
451417
479864
45500
22104
247993
98817
48919
717077
84230
46600
368378
47016
45129
30259
64861
218355
18590
116266
237723
120969
109868
228407
288072
23029
23612
127581
45847
186904
749411
100294
49808
68389
31457
35153
93398
140210
89107
75631
854795
740842
811936
41497
65474
143205
25649
98907
181825
31371
526454
22564
36603
27243
377701
50236
364249
34912
63411
124206
154789
572913
49468
566792
154302
99808
36050
728251
107343
24705
88558
30451
44489
332503
85533
163676
385495
140056
49382
97060
136733
60216
35159
185976
193945
45444
120982
128241
298990
91079
121738
138644
76620
20918
138827
738385
271224
81279
29110
28362
115192
34764
828442
884441
438484
104141
140907
110847
139229
739886
316063
76935
21078
118237
70619
53827
254428
41022
129295
116950
411500
15232
20697
152774
265544
40903
110787
41148
88655
838744
33814
346642
71094
17691
45465
34825
47089
78973
207916
108541
36757
380148
293391
22786
112651
166898
63454
24388
39904
146565
493419
45743
55773
233479
24101
103032
39596
72006
17510
76652
716987
92031
36684
64937
146068
70366
43562
743049
68345
45455
585981
19054
80693
63704
534675
897294
155108
489979
78759
616683
146941
77126
384145
15665
425637
149403
693580
42795
38402
215557
38492
21793
611327
100798
332178
367077
289149
134695
24482
297124
35013
46578
380016
44804
358735
272963
41427
258412
101654
25430
20271
209423
18972
37872
19917
23715
138347
494737
28045
139038
52632
485297
36786
56015
38709
78184
741824
22496
18665
432297
32219
130066
122103
30573
356964
423121
68071
55165
17122
823517
149086
334073
701231
36602
285612
471027
869158
117741
98194
134747
359155
19409
32501
717387
149838
87102
142536
91016
164340
446935
67104
114155
440934
113980
18552
30514
497891
130128
143748
273013
86369
106912
829766
93421
25016
67885
97003
37340
112066
113500
60102
232680
433422
55221
21589
142350
496083
254693
658397
106490
124538
81796
145303
654238
29722
40939
663830
309870
100911
471895
24671
98086
307493
51154
23569
48324
283053
315232
60199
400778
32880
101214
730312
54074
160003
139092
785489
30945
578288
104088
44730
19855
88285
45034
102462
568008
22265
105550
47465
397897
768261
118743
21010
675694
129996
94802
451214
47785
376459
147879
25506
405314
49810
443233
32261
57399
82209
130809
347305
44378
37791
121059
845784
47166
92234
38768
47170
86095
54153
39836
239427
228424
855571
148600
276908
26120
56666
21628
108415
85314
218330
38052
122857
97014
882816
468984
123340
476654
110459
161603
21788
16194
55578
57039
650569
69169
122180
142244
452112
59553
86100
133929
112072
112004
41175
570940
113168
72048
24656
174347
64928
83632
870570
125109
422505
220840
46015
307305
274330
405780
374897
79879
20365
17139
223595
84620
49794
131632
92747
58909
669587
239297
85168
391367
294682
39088
27552
235601
125008
117747
31733
100165
399179
112141
98201
36859
28969
67325
93394
142026
141342
81798
132711
388069
34555
231116
793618
57036
137680
19679
192978