99082
219807
49913
30925
138588
98761
30962
56378
31986
370779
262616
44804
17186
68031
19490
52854
40586
379877
99237
54153
89419
369871
123250
37528
28386
58909
791480
472167
223408
232829
525665
141236
125910
15665
17982
39904
40484
86065
33173
108516
43688
127043
230886
338701
27025
181083
125712
493778
148879
31263
235896
47553
877705
74552
21552
94375
78904
80438
139710
144254
182802
592043
123465
786810
74386
27742
27997
87939
684147
24144
92988
123875
139784
222970
21717
29722
76343
58813
99437
19652
404457
173089
124290
454492
300203
69517
127850
57990
23273
571540
193216
25258
301694
136414
92144
451927
46996
126272
125801
482204
47669
149859
35444
430163
27363
70808
553429
74220
488303
436949
488780
341582
182655
81878
409944
119014
43577
20771
78445
74705
604574
121990
134321
45473
615035
42474
595464
45898
30682
115547
133718
116256
42862
107984
547407
22100
30108
123117
90484
360138
139659
43855
45450
148887
757130
44014
142122
107536
69796
79580
112702
42588
102611
36186
279211
34558
83613
185868
529313
42627
29507
824627
660864
120688
59745
18908
86529
382707
35013
41758
60346
323853
127994
338809
46201
111081
392250
17841
367911
20263
45426
79604
20985
186260
387376
77177
44041
32662
58110
22646
56625
15615
123990
385707
129396
869364
18746
354275
48919
15386
107367
785279
74663
94445
42730
26481
99833
39260
22185
38709
500672
36420
841296
393844
26759
99392
70309
16005
127016
48349
131852
45606
330219
106060
100724
81532
28182
103219
137045
70057
108342
469984
25783
16276
136981
200110
717066
20164
93293
506269
797613
484591
141389
137536
144455
32261
18972
117622
661643
58095
79392
35094
63447
123260
135980
73497
54245
392023
492397
304892
130200
136128
89692
502001
93289
144182
290165
676455
31733
240582
361210
482347
83721
37028
113301
35269
17438
33024
30491
700540
418667
41320
15110
598122
346699
146822
45796
35852
17908
34342
21499
79431
19484
755434
109251
25902
28900
146960
59877
484085
616544
598689
353667
23272
49789
36123
60731
421174
55931
102197
43185
53493
140962
117155
39846
118691
15967
404075
99378
92031
30514
129295
199904
91437
29609
667100
55101
105641
193344
19816
36678
455264
336127
88672
122656
716003
33850
562870
81780
18329
36603
400453
120420
515458
98656
43077
48131
97921
274869
46373
516978
27572
27293
84283
135438
24540
99344
105028
139144
41260
23005
17507
61369
252304
60078
16695
38045
107913
90643
109635
22084
29267
41635
54082
146234
23661
378057
129027
139487
462961
36654
155031
118952
41191
727647
472987
105995
20372
55812
19080
29341
21338
104603
64791
139286
25196
138687
17583
25484
56633
107241
420415
221369
61726
33104
115279
467283
88751
61222
528577
39928
49163
43440
379369
440844
26800
100312
101008
96177
816305
124799
763399
145590
882717
374291
301433
34213
175381
30915
330863
93695
16640
24297
198938
229364
375958
149561
19417
20906
133561
31205
22521
165392
18291
125953
15075
795493
99713
883964
39928
32335
93421
89692
27133
27552
609935
413215
108448
55493
147065
372076
26888
420330
510527
25187
60683
224279
18858
39344
190836
122971
306896
386455
184664
383344
103789
41632
197984
351175
104593
17082
33694
23364
53695
123234
443359
103009
72950
368091
703624
73393
77687
101630
209878
290886
38449
43956
39073
790515
67556
424206
106705
43981
87410
17009
138277
495330
469953
40009
36122
868055
132803
56146
245969
45996
41092
76175
26215
700661
36109
48976
17404
411940
314200
77153
97426
445598
19772
134563
166180
75049
436447
290495
358518
247721
25365
82513
151297
93507
42230
204500
67791
88178
28730
342775
304864
128095
90540
57853
50837
15141
107940
261072
84182
56259
19980
91556
112342
230857
136536
16952
108948
811444
414990
89009
347652
354856
27178
25116
666838
142405
614719
19801
115180
68368
17971
443523
123890
451590
104288
38700
112050
290910
99768
49808
158537
64535
17636
654412
101506
366956
30155
134530
40939
121933
142750
638939
119759
381937
69370
369278
31931
109234
399985
128216
85059
45166
20567
25899
359515
26526
25317
624021
667184
884825
205864
16880
49581
87942
115874
139182
20367
863626
48019
69849
343500
149040
493879
95269
380200
134973
29238
57699
207338
48118
32407
287791
15512
80335
44378
35733
43716
349614
139227
66822
309337
240455
125089
108555
87828
98016
489723
460217
412389
43540
113945
22529
114753
34660
37754
108223
97697
475160
138741
297370
87968
100133
28050
46600
431485
144527
91366
460324
37010
45716
17638
60364
39993
19934
38089
132832
376413
302923
124350
85973
125253
687398
41461
121177
62250
150355
147755
89863
60206
49664
440935
119947
134077
36757
22435
128353
647290
444431
18986
44622
237665
22104
115640
280903
80693
104569
140472
119468
32887
257891
276889
498492
38726
104891
50896
68819
266393
729754
102432
121510
123517
130080
110687
126345
303140
365855
81605
75416
54139
92569
46849
116841
20613
21985
34145
656679
498394
145340
210469
138318
38004
167142
59573
15037
32988
346147
44588
91890
20978
47918
37274
639737
427776
869464
49765
39720
97468
821984
114045
99141
332625
114095
44264
17741
72741
23341
785485
135687
85666
389889
39898
265885
301347
41193
111463
58164
92605
38909
39970
77763
223556
48122
439360
143004
16776
47019
91125
233958
698383
28079
720020
879811
55377
34912
91221
138396
138149
31265
21416
27465
23738
121362
695870
490704
143678
65436
132211
264206
34127
57924
73029
106441
500359
195450
90663
846344
112325
48392
67295
126551
461333
147158
116463
147755
119398
15168
49247
447212
58640
17103
17352
18314
56654
104733
446822
39596
36532
224897
38911
144937
95243
40524
75167
65573
31408
112246
121198
44730
104951
110605
40302
29284
45847
23586
39285
109989
68910
178108
75730
107433
40138
68715
71843
69559
98916
94186
577765
436449
37945
99835
18727
100780
44543
36856
62022
30387
15232
119925
75431
796565
108080
38178
37293
60309
219573
33756
113737
89508
417742
47021
729045
115212
517518
591076
194435
458242
248094
143001
494617
24721
15212
22204
156443
123732
16280
147953
363933
56732
121059
75857
26603
99437
87722
67140
58951
374483
40938
127570
290791
178851
141178
24670
130600
390052
737084
41244
138151
450279
29790
122200
154228
42666
390051
124421
22698
24479
18087
35153
103853
19399
136058
308772
389467
705312
118675
123861
17041
865532
30297
419702
19575
466257
71013
440140
69359
44914
42119
43103
30650
339320
45455
50206
279912
32331
93948
50689
639048
41175
25659
81030
99787
46578
82442
846576
56381
331774
73003
23252
81364
142182
56981
64405
795232
292597
96078
86878
126461
21916
23800
47661
461391
54764
115411
113463
21109
307515
95399
164112
85843
630139
45257
103592
115775
117812
16739
96438
132479
380739
35428
277101
21973
22476
48944
196836
35202
111926
122513
27439
50680
101519
46732
338240
375683
123639
108894
18315
125167
30081
55400
29040
305947
519904
409687
195291
90761
28055
32546
554907
45034
566768
22014
32977
41502
751493
581480
486371
125354
311621
358793
462926
71230
81585
42759
110261
67487
75273
138300
248248
23519
64870
90578
776011
57898
432470
47284
788422
34767
22496
256074
74967
16130
18286
27457
622035
42020
122306
308152
25708
144413
298685
149599
60647
119136
381361
279778
194171
46952
97944
552500
280162
353319
707094
177616
780979
355889
37872
333929
98917
125822
871703
67962
48234
27656
32496
16891
82769
37328
137563
29328
409374
30473
549664
586180
80103
40822
17691
683754
133319
344967
104382
118996
47343
93008
46741
211794
47954
111919
338497
63567
31049
756428
49193
59565
73851
102023
138896
112677
193213
140350
393232
141780
36453
646725
129636
43411
886432
375210
123620
29098
196987
810651
370654
36218
129300
23307
93055
181403
86664
124992
71242
434745
210854
689179
135919
81545
302742
17612
111681
144781
206085
416771
146941
334542
19549
18371
32909
148872
28767
134137
135268
96020
57264
455113
439980
116250
21013
95238
321312
19337
71293
124278
70970
125512
94501
218469
143627
135030
96458
46259
95372
312896
136260
112740
91034
76091
327081
89307
79189
34804
468554
136342
684383
283755
261703
131690
78200
20697
108839
145356
477997
59743
25026
306086
426675
44371
41920
31476
108800
121782
21736
334306
307157
123665
17537
342342
144224
654429
41761
144590
85812
44807
107596
65971
33914
751391
34445
457168
31135
241464
147956
295211
63588
652994
97304
65236
687080
139007
39911
488183
55021
135680
146833
23680
107750
18261
223312
117467
97527
21181
31644
118070
257581
29152
226512
135345
20679
312158
79474
30545
42528
387698
886980
677184
46686
125048
751831
259917
107962
76238
597824
130659
100053
671859
38052
62690
870768
45221
198809
108930
156641
123150
104477
80904
105535
60567
136743
328569
72464
119807
31162
45947
44945
40558
108791
38650
271560
278178
21586
33258
867296
119775
36118
22953
34566
24986
144520
23946
32691
493664
130535
240825
153549
34340
61507
111058
243134
100182
133270
859691
51014
137585
654618
38976
37156
29733
100395
164064
43827
647600
362362
302803
588075
58512
462985
84312
410125
847152
35557
446564
46546
31693
140478
39175
134600
133817
48857
440571
55993
390360
156471
115912
116133
37654
49807
29519
43303
20161
22907
137974
97266
127519
247381
431315
132668
38477
21098
33676
617041
19304
37340
83203
78125
20557
19754
33023
40070
23275
115194
117216
320095
32167
67993
473676
36088
25430
118724
723695
147261
107378
531225
47471
290723
487967
108189
130585
42274
36859
44004
144660
46081
71300
99711
26909
81892
471843
35384
56103
115309
836523
68778
629949
41772
128367
28617
148113
851286
32501
133585
95719
202673
46211
212601
63134
107638
794638
31390
42467
56706
132051
45976
98097
150767
20918
32754
135183
73628
70702
25539
102172
22597
134279
258459
120144
77169
88505
54930
696791
71698
343420
375090
67508
209356
132757
116047
32486
621962
142996
141552
34914
19519
28035
510240
138009
66692
78948
81585
60359
410264
97420
124929
314723
126435
21788
108842
110306
29785
29974
32049
58618
22498
43952
16600
112206
30392
114005
29935
35246
47615
101965
44819
126381
44524
37059
615813
47016
52734
190863
34234
68141
135192
115445
128318
54800
452697
708388
479295
30367
112836
783182
277184
117569
36258
106268
69642
25433
659497
30256
553089
87126
554584
64367
337812
20320
72051
269750
211545
69774
605626
860972
41265
56864
64065
19903
539323
479155
119229
120853
550288
310175
630995
86011
41371
422000
860270
46766
835360
112581
120207
221036
98149
64317
479008
267014
95194
494619
228688
753094
89388
319275
666726
88059
371415
408664
28159
30003
19282
15610
31457
33876
687846
41049
405876
27478
252524
383717
138931
333832
111538
220228
188269
95016
210338
122306
122090
66902
21489
112351
481561
48253
102035
22835
24150
468205
89319
22310
33888
238279
458591
119548
282478
237689
107641
294103
65377
64574
20250
44841
590601
72440
190407
63918
116732
81712
434187
56359
134253
104255
98638
76145
149504
127744
76144
80933
137834
215137
140258
415610
24224
55707
96211
93344
797525
134016
141470
577926
379726
135949
390954
884086
76423
89316
33725
43562
35423
118013
375041
25338
24768
51199
147709
35622
21449
15633
16897
16720
318872
487199
119004
70933
87244
185407
339334
19558
90393
42160
31331
101988
30247
33327
142005
36532
89222
60280
48158
30010
482051
140506
484539
628863
76923
56756
16767
473041
130590
66427
414996
407806
43193
463548
673589
142232
70211
138653
128239
45768
70886
130655
33536
376563
406220
87299
44736
44524
68431
87650
201183
526024
203702
19855
823474
295933
44720
97089
111622
26754
67432
49468
255210
335554
129964
571952
131017
19560
139174
83545
41634
325646
257713
401258
79103
367174
117273
90971
112391
733839
96130
144556
457948
316031
758069
22146
30679
97750
514789
451364
64765
256535
292218
27521
60495
869469
124767
32359
110690
37935
125157
814686
48271
52390
92918
43313
77380
36786
390365
21328
19679
25016
69195
89111
122174
88692
236783
36496
86003
21120
25189
46148
94141
147913
126508
47798
19163
316754
646684
114739
97429
111345
94253
59725
420530
90174
477698
32527
39867
24186
19585
15912
220000
157232
129464
114383
447702
23577
136629
469204
18796
110522
202206
193829
32380
883771
238868
42193
93643
497312
55545
99480
21231
681829
673925
94351
30593
118733
48724
775679
806179
90686
36243
688106
248906
19209
103089
332755
23149
110162
65097
181704
70645
43599
138908
36843
44143
80969
80150
741695
45490
47361
23270
31532
452332
584361
30783
95144
703176
19535
17614
25003
125226
88670
101808
128965
216549
25732
27460
111475
589185
79003
183171
40244
57399
49073
30323
69127
55514
607768
23527
52247
105497
40858
312481
103666
16902
62500
63225
533802
45802
100668
78561
23167
195201
270035
98354
139743
369311
126484
76742
281277
463490
244029
582636
32181
94246
224645
460498
187135
134344
87102
669137
357400
68831
48270
285654
654721
77632
24943
133905
547782
265621
599607
221088
121637
41677
97965
109899
22331
183488
119392
392779
460486
96245
195605
540794
29446
42534
61920
22957
322775
25316
50456
356012
36770
194407
29908
130357
132999
24068
387213
15363
146852
135140
15752
65908
476484
39847
36300
63475
22547
45630
30414
31426
112581
82097
553178
32219
87347
90669
79825
21588
89597
46015
495195
98871
139168
23612
36966
126065
418071
454359
219198
110514
112774
26405
36252
104875
696849
85039
761563
461260
253324
29380
63257
145321
115518
550850
33210
84960
41977
120748
724189
490786
102188
430193
32118
365795
39962
233350
72947
58233
29694
44735
465097
713130
53496
321050
30080
21723
45294
52666
136788
83729
30002
137529
303425
140389
108607
65390
35752
130091
19679
364978
57293
18214
38526
143503
65975
90214
21789
43977
16359
29373
668614
20610
47717
406618
775931
116094
34326
353759
71582
280111
39654
31793
34928
31009
43566
115039
22075
29821
268590
31840
57519
112794
105098
16897
148883
75201
15927
44729
121314
66075
56881
20979
117287
84284
34390
20346
68048
45108
128555
87915
100640
144189
103228
37270
154444
107291
237023
91016
66933
35067
78669
314891
135661
125466
558155
48384
33850
81832
736605
87948
84117
263899
274137
30633
88071
44734
132204
799773
71299
60115
23241
47806
100911
320910
25816
116684
39088
24160
89553
104748
125373
32485
30945
16034
198793
16624
211896
112889
22507
155531
91854
830458
43265
46010
526549
821969
108391
134086
91974
80973
46827
20957
216526
698555
542959
91554
119879
144318
53446
36311
122634
45018
36258
64946
102488
37646
93214
34414
23352
22564
521145
261895
61054
360201
26543
271359
128371
104774
84996
130210
64090
180360
603879
389769
116896
25292
35365
66751
28555
147427
45071
123134
142245
490798
140813
24482
74673
59667
137995
115867
364505
32368
48281
747299
42554
58856
41386
42189
57181
408539
323534
85538
294684
482840
69522
107009
34087
252458
381404
118743
45465
18382
173427
82718
788182
158751
57356
42807
499218
24764
59721
18930
626434
80672
66342
105852
45996
148291
93653
54313
142691
638941
83423
707407
36411
26419
51215
49010
33171
144527
92364
33803
69143
52010
20229
839361
93656
62246
95159
45534
221584
334124
118615
68538
127821
38788
122136
100352
103243
142393
272158
142124
39565
457760
23010
132448
286835
97517
37212
372904
79042
122685
72956
19643
748288
703646
122071
39196
41712
76498
39184
79694
40470
30973
44939
82209
48635
38971
23963
21108
405156
21855
41378
830697
29908
116649
341781
66060
32337
74406
23573
138985
146069
219298
15400
332413
710021
221896
147111
144689
57568
94439
127551
145402
34625
60385
32380
679206
20077
81052
641787
72104
66407
118518
23099
114304
144750
100616
72819
39314
130809
406631
459419
836936
32807
129929
129571
116495
33465
102539
58820
104597
577444
26391
532333
321594
118880
73892
75716
311225
173017
695161
95852
135991
105592
33256
80116
16808
112066
31043
142508
228941
144973
357987
137879
132347
35483
35000
142245
16639
32860
128283
32370
24777
34348
76725
72350
30785
18552
236169
117985
275484
349172
139382
62673
19919
18832
332610
94870
154870
129808
168541
38897
112992
438215
352316
30642
36512
548814
110876
307425
32397
15425
52155
33120
21112
121212
82473
149180
417820
41868
863424
27721
67010
194929
25014
452738
96806
237494
125066
107177
21511
81553
51847
62503
56840
27964
53038
103149
201699
875882
27491
585279
796512
81349
140803
821727
126918
23637
38768
83353
66546
34283
161842
129221
134791
72038
479553
312619
55799
803068
315923
587210
120342
21698
25463
37803
28448
148736
57755
119722
29696
41982
15530
82496
18968
104054
138879
36376
60238
54160
99373
149463
97140
34799
267711
483417
46812
134041
263112
267883
91208
29628
144026
494773
44799
115192
22578
35952
417797
143604
31246
70333
81686
431494
35572
396948
525244
108184
431742
329872
46621
29392
30989
751151
87763
91771
40211
39217
351976
81520
66913
726138
46308
19165
355067
43780
818410
15829
54223
66316
21451
204108
147187
113472
417810
582368
49971
746911
22092
50867
51499
110376
88463
76625
32408
28576
43866
42722
31088
149268
29725
52053
483186
403112
60519
82436
20501
33250
473313
24065
588022
33546
490217
303013
82542
104806
111187
281964
57457
145301
21989
188539
52051
55727
38056
459107
38253
47461
42717
91117
43028
46667
33634
733715
40995
130806
29110
209111
90442
106437
83030
134676
55742
593041
426975
115800
41746
878556
19931
58358
119994
295398
685569
32343
70079
135499
93008
51554
209891
445290
121602
26120
139278
461326
314931
117909
109447
278216
131886
68099
785033
30597
29352
129255
686512
49261
16437
302880
20923
29432
855040
109931
43545
111001
70935
42861
407430
844387
34764
52483
45762
122857
47885
27601
639076
130032
686020
513665
112974
91751
125599
555396
424651
471020
356754
104601
90563
295871
94590
63179
134660
345294
138347
28880
21577
67751
54848
118203
109433
49757
81798
735703
28826
17889
25589
450896
693673
280145
104173
707747
38173
25128
608862
538028
15175
24671
116089
120346
518167
195013
122617
129317
125719
385324
582578
67177
31704
87432
122524
34226
19142
107105
439861
174080
129311
329866
148618
139926
65496
30817
230816
59448
115827
141267
57363
186138
135756
341374
315156
34825
142744
594276
41612
299381
872852
275081
88771
676030
51072
114072
43712
835160
865365
48153
353862
28342
93915
139765
126107
124444
219472
142217
124168
493193
324178
45276
360910
103512
18014
152334
371841
37362
81746
134109
485077
842694
546518
17860
115571
40070
74421
119605
58871
52980
436067
33231
17058
406714
43074
146550
287549
18003
340829
68345
102206
113784
45129
99895
313521
54889
106262
45476
296959
76486
49794
531971
25587
62625
116536
279285
800331
35476
37915
78478
83492
386219
42514
18028
94090
120749
28803
21352
366561
478299
375767
388392
37298
482553
24884
85533
117552
18665
719800
146427
58271
358654
108980
538645
121177
833546
19840
108557
34620
117539
33333
19664
166899
32300
16550
43711
130611
199926
25016
364509
407218
32848
110402
142280
133617
32509
48780
139052
482464
255305
89740
317201
39984
750604
59540
564240
78048
80519
31546
36639
25649
415611
128958
35612
573292
106350
23671
87454
209711
135930
107808
109131
146448
40216
25140
68019
16399
89473
44223
310108
807242
57039
352815
39155
123045
138966
69977
892209
125010
69710
133460
31203
545992
134124
603679
117500
371795
183204
33833
136762
73704
134498
492713
342709
21534
688279
142909
43479
666348
137797
92097
73653
357798
98282
19508
727099
20271
44076
87881
95794
309729
37471
800881
109553
580526
75514
170881
231463
99959
85188
19940
89108
110812
47166
16378
29522
471220
133754
98332
42696
33080
138182
399647
28871
22448
75319
39421
70112
15471
60697
29021
75007
834596
45834
21048
62804
33881
118904
470502
41488
194556
28340
54401
73041
59047
86933
72186
510449
865758
238190
30216
658212
123714
44935
47069
44714
41282
618271
445327
165533
92102
109915
142477
18550
124056
383170
24388
272759
118713
593171
120262
100276
314287
242090
148797
73509
91778
522386
290451
136761
22331
103335
48308
85805
535544
17604
32589
25126
59964
35249
49382
49173
276397
25144
106874
46826
32700
68192
45674
46138
140874
568415
59836
882356
243828
86750
92982
491331
62256
148008
109874
90989
274228
139839
46758
471969
114765
62925
195769
149079
114206
44755
54434
461634
18413
140740
144862
336548
236045
347162
62120
30306
574503
46978
76806
513493
403193
401140
118677
431862
222793
705994
139225
203348
277267
77012
74487
22084
19496
133860
422504
134844
52129
298011
34946
152724
552970
612733
119177
142896
73219
80716
145031
806556
131634
177152
23893
350792
784230
71567
339111
30170
260037
389347
101898
732486
145830
31295
388726
69199
42493
112095
16335
123784
87630
120221
60337
134193
377795
388655
77711
81370
41941
702343
528079
40164
72618
171816
151347
87231
37187
137081
42248
33229
43969
118322
38506
44846
436555
385441
373541
438411
22933
109029
18573
155951
187231
307880
678656
144494
148174
18447
92155
78075
103579
42651
38492
87577
669654
292584
44495
122261
254753
385790
103915
244334
573738
636403
68921
453004
92416
127868
66275
49810
25789
81134
87080
142974
119227
133589
24738
93205
84804
80162
149829
79537
138084
26702
22296
129008
133720
25821
100679
567524
179067
35673
116288
165306
547822
40102
60012
61301
143532
449650
143970
78628
431887
858201
24705
21367
141147
62988
189593
134059
31003
145070
45318
20594
60058
45692
70037
591333
314315
42759
15803
148955
88986
93417
42885
124684
33965
39836
146366
606280
37046
105477
144374
126944
98897
128998
838001
22610
489215
813061
53397
38869
820540
423209
349268
409464
136800
55131
60838
26473
58143
169276
64708
480176
700811
89125
89227
403877
786274
101874
624779
15973
32089
38219
121064
107273
48081
84665
101544
37118
495009
612574
662033
104207
744348
258329
68036
78973
35159
72631
123920
130561
516296
61803
134657
121497
33598
35679
46246
742928
840358
16270
42966
27082
174088
74124
85987
219161
88039
295474
81148
49770
868812
146363
93584
156327
571362
285921
60994
48516
229034
46390
67576
59707
116544
116498
22762
146046
60358
16682
39807
287862
462699
27912
230049
185219
54562
63876
148600
338972
70219
25315
417137
30719
428140
34723
33254
592328
667520
64919
95354
38524
135801
21007
43173
351344
435027
33132
447996
258498
36702
47394
66865
51239
148926
45444
33292
757399
33217
21140
31425
87628
74882
496383
37618
128967
54911
19196
29180
78256
56266
377896
146816
32919
84651
32391
481755
29725
539315
25379
55939
31046
563301
46108
635697
198773
74102
411779
673828
35343
144066
25996
238911
102726
76652
20294
325643
548224
734163
75157
145266
67988
23180
74907
293303
442021
48275
30749
290991
583690
44057
114931
42460
87602
68203
869381
32996
193012
22161
40928
191431
109771
544061
131236
37236
511430
27556
758517
85602
450268
44800
52126
95821
760144
498203
137585
563677
98214
34569
18513
89295
589566
38723
204814
574267
33235
636907
20175
34605
28934
897538
350657
47170
742244
209746
131007
124748
278518
17033
439952
712018
848931
82312
149114
72700
489080
92292
39251
119067
43249
807553
44964
586507
102045
111876
116810
69598
48500
18295
61552
777575
291436
699988
21369
162878
55184
28031
68900
41290
36614
87701
367807
345720
132307
38283
85756
442550
41738
120593
39472
568533
78267
68466
108973
815445
98624
122363
117862
114963
39844
41113
505975
155025
226674
102506
31475
351298
123947
47227
264579
237486
40098
29091
95157
44439
35552
407965
127185
17139
147895
110649
106483
31353
223000
24321
445621
154179
116911
47125
82848
78722
87502
132692
45241
22506
37304
397341
18842
140711
807296
101713
111488
769201
835074
42188
68322
42082
129517
32332
104091
143968
123243
111113
153344
29008
70720
20280
547321
53719
113657
50396
26435
143245
500943
386974
55552
52457
296710
485796
42004
94792
736935
691308
130981
115716
93481
32841
474750
137721
560560
207342
515364
511489
43089
107620
41764
105577
25873
92983
218529
52193
604688
20582
237537
51008
140184
54948
55578
91828
219569
98590
141249
269611
43225
481824
237210
93864
36040
473002
680373
357457
123913
23414
423215
115514
143854
847090
15185
148952
55277
113335
49676
188780
21678
815826
538903
64027
67676
86130
350839
344954
317739
150570
27445
37198
409507
145343
28901
47225
90426
630626
318121
52062
16689
39530
321600
131858
84181
35481
109051
35590
115374
47399
462271
137443
28942
673628
95583
788720
80871
107341
275115
221939
83085
131231
21078
29005
144802
98930
108955
178610
110250
143417
65727
53970
30385
17144
131923
101375
203952
99016
805306
117252
41131
93237
380804
317321
96422
197815
145882
39283
26140
37541
293666
136534
21503
874012
45822
102261
17847
95333
446432
630832
343082
808780
141819
96790
68022
47130
47089
714581
24379
96161
18677
368239
24447
448884
890775
655924
34809
42648
81253
43492
43122
22559
474333
287461
248021
30269
859812
457462
23295
138917
61105
67590
55937
149702
370105
33528
111264
65550
102856
591935
41044
39504
144918
29453
90426
100710
52181
55959
355391
115917
44593
15896
190329
71267
801829
31371
79553
30692
23890
18994
694522
25090
412694
189233
516250
28829
26708
98175
539158
86570
232476
429069
46035
112723
90328
325499
131019
35720
27621
198834
104128
46894
464577
69314
433926
130148
247389
96255
277881
117553
304950
614830
24968
143299
26894
38012
144839
82078
63448
205546
44069
149643
411926
203696
97382
246706
76795
28065
43949
347277
34376
321116
204156
345459
59638
212623
41922
72528
106447
375257
214570
134690
24363
87364
838684
596932
810150
123617
253455
44400
26510
349230
61836
622480
591157
101178
22930
121568
203599
68344
91800
120508
38736
110900
42262
34487
41148
144158
125691
111713
114867
137393
52491
49477
98238
356021
661666
557134
545943
331626
26823
279790
28774
181121
89577
24656
529449
15026
882118
222283
104451
120932
103139
39837
26917
60829
35794
140409
319688
827728
141801
134766
449872
224539
21619
194514
779808
133239
118876
42968
318717
69787
85762
83247
149259
64531
29915
28969
422339
530719
173225
754112
83551
19496
119317
485827
30981
149838
421450
42229
108494
80428
17361
97620
48695
41497
31541
213226
17426
18367
634563
18947
103844
224113
556642
36684
33279
57553
60085
104506
308265
111815
760114
98972
146905
49911
320859
174108
644170
116497
43166
55953
111142
43889
664644
120454
98568
821761
162536
346832
130699
624544
128987
134320
375124
133749
210811
19453
110151
25353
73591
211315
608503
118063
135576
330132
62388
122444
29577
34681
103121
163769
355807
33105
22856
97128
42936
431223
45118
523393
84689
95538
18434