741611
81057
541977
780546
25659
93008
29005
87881
478565
123947
205006
431623
134657
130493
362408
134973
23946
48954
45294
25187
120420
662352
35944
98419
39073
32343
119468
20557
63539
28576
659334
31247
405665
22548
442098
92728
81520
36532
43103
44939
504789
129603
59507
25708
114055
33621
149194
727626
57924
470528
142926
450436
96953
180128
19931
450034
145070
644040
81798
58909
464476
80519
129552
29098
22146
123913
175474
30925
27440
49307
38253
874834
410233
329659
137995
299494
41131
94967
886463
83439
283702
40339
85181
178453
430836
286998
64937
44543
134671
40009
117538
38122
75970
61747
700057
47955
132289
632809
409192
43780
146608
133649
52980
318264
747897
444590
61016
100869
43089
525736
29696
185976
825409
113274
33528
39570
169795
31514
32589
24854
145703
19196
119605
337244
35483
136743
38960
122340
41746
128241
103857
42627
197656
120221
51494
17438
95055
71320
267089
110013
438661
525014
38763
100966
114095
45490
22476
92414
74177
142005
119952
22835
330897
889797
35476
78722
26391
129321
42143
135680
149385
133617
70645
24363
468048
77380
76407
27465
43797
97243
90406
28211
214603
91050
581261
23167
541478
90757
73082
21120
315877
294671
858207
233066
68662
70708
69849
30002
20348
112836
118242
141805
136195
104255
32486
72956
29935
310775
95689
96031
145007
304234
67576
116950
630528
409961
562731
39380
130699
380148
96096
32993
101852
520704
34723
38632
40090
104871
799584
331273
61301
437148
58301
72019
758299
21007
72228
32848
494025
419647
156481
694614
18677
118876
69642
98968
23800
138095
383601
117046
762102
18727
62528
17144
80340
43303
43889
20901
82442
703157
99711
391551
114635
106421
77012
847891
42966
32527
281433
118675
56654
27964
66540
17103
130255
125221
19643
31353
43440
237935
139418
145526
152472
20247
103149
104141
90038
95958
52858
143971
178456
273135
42262
120076
93875
39911
332503
27445
397291
47519
146822
98791
790729
536904
410767
93421
466395
36145
488985
23414
37294
43620
197273
22185
137822
307995
117803
36123
155846
280455
47361
220635
116936
16897
25614
87551
358030
24738
131188
49676
35557
112581
26603
125067
98897
131925
358735
139464
403630
46758
69327
67368
121639
691407
137585
57368
97334
32977
54335
21789
670623
189532
100210
139826
411620
45796
44041
92779
886712
60804
97203
506198
38219
143417
69169
61852
19209
402007
21013
57898
84284
54223
121198
17860
47605
780479
69370
19337
100830
182958
307892
282073
44914
103789
134321
43077
63238
38712
65085
48308
130919
33331
99639
142124
109425
98824
319152
64170
427788
66060
80335
48780
755771
100704
241043
121738
228770
85188
58372
55773
220193
446513
258412
236720
45834
26851
17352
89553
637809
546953
121058
101473
127148
641248
141819
140478
19903
33173
109973
115518
39898
50192
133355
49581
148797
777360
138318
838686
108460
680429
792287
22286
46211
389037
35603
83802
56508
396825
25620
22472
475402
120329
836019
752525
139551
702025
42274
714856
127297
60958
84101
399493
470802
584067
39314
437886
717050
60753
489708
65550
34566
113143
140503
420435
81497
345613
55857
142536
441017
137911
39311
809488
495712
145805
93289
109771
35212
95238
670441
889508
472757
108080
92155
88201
61363
32988
65474
30566
19535
284528
87003
19165
331408
15610
108861
48349
43820
38009
424257
38038
400296
143281
141057
81271
117018
140890
67508
17982
84448
120982
35220
36532
89022
143080
775682
57553
122306
167621
45762
733227
328241
36856
102164
38449
150151
137123
94078
114350
414430
38897
71803
467463
422505
144026
15530
76973
82537
23573
480061
692473
455079
31043
350105
451410
428064
58084
97708
92983
118663
57399
27912
247993
316650
368511
123465
46138
95122
148279
179678
197230
64065
417603
28035
640233
35428
87499
88608
116896
821410
128095
23170
517073
286609
68368
115391
26219
41922
99346
100494
40175
140472
133460
59284
42534
106261
36218
15503
46201
56346
42160
398507
598122
491071
49031
460561
376918
77125
95458
51611
531340
33813
112237
648442
336661
121602
34385
27293
99237
44076
38064
489319
57293
389470
894368
107984
67885
142245
222447
799375
490183
17853
384933
467910
729377
222860
318933
264725
24232
121059
85222
131621
372069
34283
111815
135183
45768
34019
40814
44111
300270
55849
422781
102819
35952
137721
42474
41488
482661
679882
708149
130600
62204
255324
67962
801934
24186
591509
34326
144973
802438
107808
179314
140506
113500
99052
165109
29352
86240
98820
485698
36071
125253
74421
50325
68328
116693
32996
62209
43683
48775
549263
80887
30323
114630
118126
50837
497976
80620
28055
142372
26140
28803
25783
24986
124168
136260
348292
300193
44800
849541
146960
282977
110376
604189
31384
128353
16077
25902
93457
46894
39846
834510
59047
631438
48857
428135
36040
42004
145678
15803
30414
33876
104733
73393
35752
758778
18759
20650
31601
887209
86095
25292
109664
72048
49475
60085
53865
41712
95653
78561
81364
100336
100892
34569
155616
480047
788139
28730
149911
239398
347761
56020
172444
481155
210959
120306
861345
417675
58820
757324
358599
103091
635117
34492
109152
151436
44846
233557
32902
531477
183207
18352
287161
69361
141383
34087
30392
890005
506861
24679
140056
91072
147747
265324
813307
19801
773227
266525
96458
69383
132252
88254
31246
54225
149838
627449
825163
622060
114305
78645
51568
40307
98972
67993
36088
24777
148029
492537
44734
175466
389900
127821
48695
30256
188211
48905
23680
67780
34620
130080
367377
29609
90540
568755
18314
31423
145303
50836
31532
765268
857273
84366
96505
57153
124404
108472
646607
16952
416516
122046
135970
41130
531485
93417
99175
32118
48749
29091
85650
29392
104628
25996
101748
81035
38714
33756
136534
21723
195887
91289
135801
69199
30387
36847
106535
44588
41621
305201
58784
63426
67118
565557
127355
445263
91481
35342
107913
19853
266864
471927
31475
19862
51808
38056
144541
96770
349099
112774
182524
19475
18513
18312
62416
44495
138762
205819
38650
104774
112246
90027
174060
67104
145402
124499
217597
91181
682095
749179
118983
18842
140497
884985
62925
32058
112614
639725
344425
361519
139958
219926
133949
18003
89307
48248
34946
44014
828457
24015
95983
123823
222388
323133
67393
146366
89723
20753
48231
122562
493113
155554
741210
119003
45118
15912
37507
33132
355783
22296
206683
65118
486732
67500
139765
304168
45630
45692
53841
209681
45256
73993
304232
95094
335125
172621
24297
18315
43411
27192
115482
192978
139990
254149
67295
250932
24144
56103
241893
193173
41758
139168
33023
136155
201232
63243
437062
59829
49757
44464
39530
364353
49770
535895
43545
892646
184327
99793
61498
50964
59790
46495
31205
47382
101519
699791
225091
74531
144410
550467
107685
145684
387258
511196
459724
124977
132212
360123
149808
401853
73866
141342
98638
896086
324003
38971
69796
22559
21449
48131
243320
129964
522952
111713
19453
32344
458707
64928
67772
124426
631114
107291
47471
28087
879794
47958
72614
101774
46868
25359
134234
25317
454400
452331
52247
109837
416724
93384
28448
148275
20294
32332
34340
44755
270550
65140
18447
38848
36311
111087
135980
465633
245033
30765
400739
115032
21231
139923
73584
60272
425156
621224
172991
27521
20610
413108
53443
101069
122643
120748
49913
199935
271195
64405
37676
47669
24798
600765
29551
98355
61233
19558
35202
26917
88186
39155
48384
106073
119244
131290
39327
57442
89419
47225
102199
24160
550919
104597
40771
833916
364249
24415
541529
21124
85201
783958
37925
205713
43504
141288
19135
33465
238416
95216
101950
29446
415064
109635
450791
188404
35733
551892
27133
373079
15075
49996
17041
98590
196212
125008
21855
60838
58201
451446
400160
88357
132675
43716
148879
109433
32700
36258
39844
23738
56381
33833
314560
388425
874969
42373
47654
127061
43866
109244
116047
301958
236826
22856
202943
26909
44625
497779
454252
15927
642213
319021
209423
124141
82303
79604
105886
90214
86678
728054
238398
338053
878014
72297
53134
639364
107536
101348
21369
35590
52483
98817
26823
20775
595878
245981
289974
174380
19308
100203
62503
29846
453330
649217
104294
81780
23504
26759
654516
507900
149754
337740
36973
668834
73457
89164
26510
82708
192369
116810
146941
443137
140256
63424
610380
544204
25090
677431
241148
127832
96438
145783
362779
123861
41738
498387
112206
44736
517570
20985
81371
128373
54889
387007
143213
80103
106281
52188
110250
86026
362574
368401
439235
79879
125066
92031
48118
37935
39504
98175
284162
433240
135055
169779
20346
267077
29790
592819
123006
293391
85646
89227
57329
329658
16624
71512
121259
155072
105924
68529
522159
102726
17507
21973
70370
63704
149973
70222
24379
40586
59809
698728
23099
42554
328706
22578
148174
75261
81878
212027
45810
44841
135905
121612
104523
881806
31049
428623
82478
30247
831827
18490
125458
84182
109899
350969
302348
120454
120688
45996
35494
108927
148600
619652
29519
86740
245832
112794
488655
42020
47461
122535
92154
341703
32832
56881
146651
17688
79506
135687
33210
844941
68022
26514
65718
68725
48122
212576
106121
99037
138182
123753
98742
34029
34375
856299
288538
47885
19435
123171
24017
31541
17565
54976
114438
464319
540861
707333
799703
121362
30385
48234
55993
138754
81545
46024
47717
19575
46148
217222
41252
210766
22100
75266
392666
59695
29062
46621
42513
143244
689584
81218
72006
47705
15633
496929
119169
31048
85314
125067
64539
81370
40361
33229
139268
134576
47019
202575
25539
45257
43220
277836
32167
782297
92965
551776
19417
115445
144802
90393
541109
109114
49971
153772
29238
119535
16897
25105
23037
690403
108391
623630
16378
22547
140290
33803
112351
76519
95844
15829
53220
29380
119768
36512
23273
531825
324394
141862
35067
30081
890382
85762
219559
51618
497435
96393
33562
44094
108177
99959
45449
100165
62500
127850
445492
893080
36496
22331
116248
174103
407190
47433
33120
136155
135679
45130
22953
217049
21723
77773
46996
104452
793090
860924
123784
185418
238858
115640
72392
106874
20229
86682
726608
46741
135176
101008
65496
624330
40995
169219
662200
100166
374897
28843
30855
459643
73591
20028
92605
26894
261548
323706
39837
23890
491589
39217
76929
37156
37250
83423
24447
79568
24884
500378
121187
126824
67974
676889
66285
459745
98281
76144
280913
137305
18728
57356
115867
72186
18261
136194
112651
46308
84736
599498
39686
885521
139487
42820
34845
761934
55454
21552
84466
80428
45276
73011
102728
87630
91710
84004
409053
61369
41305
85826
45962
109943
600463
63295
305417
37304
128239
21985
30785
60358
161769
835849
214800
401037
36931
30692
601251
68322
86350
716114
68019
35094
63179
47661
474158
35000
27721
434422
124278
86043
203106
98917
78144
46766
370449
54764
455962
133769
729170
99895
325969
112785
41282
111919
285403
29373
837980
47756
130809
40687
22161
103484
138806
120508
124290
594314
47227
147895
79254
83729
412395
136773
91775
103369
61109
189861
682277
54552
774764
234374
432391
17082
315708
22507
365632
147216
97295
489351
21416
156696
130357
414186
255753
122174
43980
430408
48810
222019
379724
817695
60102
30010
57145
754439
110961
89348
252720
90761
85248
139765
125822
34252
26813
22930
50896
89295
37187
117985
108948
205744
74431
33254
133770
17847
68570
28767
19980
462756
138359
15512
74562
510400
28555
687783
115066
30003
20613
123665
431562
412733
149792
663356
134246
64749
35885
95583
16902
79537
543648
123900
106048
579002
90780
85042
136800
205881
299950
127581
209782
115775
140803
54139
38524
121703
867698
33598
112677
291546
204293
124979
75201
413632
155098
39283
25899
478529
156798
43313
81052
145589
318739
120041
34804
30989
101506
34088
364545
92031
36527
81609
363456
637878
39175
43166
42188
228414
109234
379469
125482
298514
405429
774369
107638
74348
491614
41049
401635
140350
128645
854321
37618
132939
57993
41832
27864
36284
257699
16880
349878
419429
78906
701745
98194
92180
136299
344185
121637
162454
360054
113789
34390
68431
113278
135333
466777
26419
91974
35269
253504
64973
169864
16276
31003
456177
58358
111172
125583
34799
493197
29133
50236
402765
46828
771061
50168
133840
863817
75716
23450
616441
633322
20263
29522
793785
691850
125691
170548
330278
522017
46849
783422
59573
95939
774718
867367
126545
575943
103964
259950
44965
59568
778744
25463
24670
101898
79938
25353
211752
117699
21193
522118
111836
46010
552361
90426
132615
423671
40244
200489
123592
457667
350060
52126
134320
19549
35481
89111
847826
57267
41941
20610
52181
63625
53698
135390
141267
119759
135661
17908
22597
34767
125675
581409
43977
104560
54074
38971
78680
145231
54006
87915
25322
169590
61920
827750
144639
99768
123517
473426
638071
752860
867376
145318
492556
142203
22075
642536
38733
80716
62796
443094
66692
396043
30306
44004
106949
33881
339934
132324
141988
103512
44439
211347
86203
443681
162953
17009
480465
43981
26215
152448
281367
688968
260725
137797
390569
440237
249703
87410
41868
31693
83904
37528
418281
144750
31265
30545
120618
465013
76806
122136
779857
431939
107068
421447
94186
827141
54160
106775
108430
44223
733255
35365
43241
21048
129065
345362
668110
865395
54542
37298
104239
37219
482221
141846
30973
88071
91682
366185
95604
153460
37754
46952
534960
285609
36420
60238
233479
402670
406680
33750
92319
33676
30080
450248
146068
130305
323835
64839
44091
43352
17423
61704
51167
23275
103646
34376
27082
15026
736081
28934
556305
58852
49807
44400
665493
119879
16682
59899
29725
476703
86900
57363
102506
142341
93398
74220
233570
79146
43711
750778
122488
60349
18014
187812
104951
280149
143421
74506
613870
782743
56461
596410
144691
89009
63488
25466
37395
140874
129801
46667
448929
421662
48577
31263
120969
147892
503785
142217
94968
32905
256089
41544
373345
33715
31425
144556
44935
104820
111737
42730
109867
139953
109271
87859
70702
17746
45324
483383
149247
149259
73293
139926
84769
280326
116208
314320
327175
429919
114158
147158
836463
254807
23010
46546
138966
361494
124206
801214
396697
42759
39344
557916
484298
35682
43818
135674
36843
552821
124968
60209
127016
205822
125751
725673
70619
61709
75007
146949
78184
583159
94802
152960
22506
120436
108516
144737
418590
338084
415777
641136
124684
396245
146040
30593
20923
330542
319907
22957
62874
110052
77926
457275
211613
55101
56022
591646
140508
631936
89108
475354
103627
69809
333188
17612
68856
664355
589448
24268
897565
264529
21534
82312
21989
323462
16739
453370
110151
136097
63646
495221
29908
82528
18926
33969
35241
20341
220589
444797
71293
71474
31009
876358
807715
354212
100294
67896
310493
117633
42230
29267
43540
119229
212436
19427
110162
30335
41243
403273
100207
140134
48455
113519
148008
359155
49773
91800
219318
101214
25732
382949
402834
461388
867691
35926
135200
387422
865449
81723
112874
143469
304273
196819
95072
93481
41789
51110
120207
625193
39688
43173
50501
201487
329757
419404
27601
115192
33615
19585
139710
98178
469289
57554
99997
134841
19754
54286
23466
15141
69522
31135
16776
397580
126866
234828
18796
64027
251449
266144
142896
43265
414299
37471
865756
93194
871424
25789
537427
90509
227927
40164
862044
42467
73742
55578
100917
78475
50681
34681
49261
20005
371453
97946
23586
44729
18329
51199
270489
45674
114986
72571
300806
39048
132389
834977
644350
67751
28370
136578
419556
623013
29040
673146
619835
71299
86570
97420
40524
109828
136414
22044
134093
101452
437383
76172
107985
74102
44057
145991
114666
665533
29974
87172
103032
440745
40822
34660
131035
405256
276908
76652
135799
48724
59065
631583
116089
93911
342200
77484
110563
804652
206079
21698
30650
82045
38173
615654
139708
106273
27460
36258
57994
36702
41244
602794
18371
80509
34226
23180
146905
102056
38088
102803
478694
37541
30170
48625
402772
339162
39507
40558
98086
25587
148481
22331
148625
79189
87052
99808
143406
315624
149475
39807
42493
145157
422792
17638
146681
37175
58164
45996
85270
402533
29507
55084
112974
23637
152868
462819
79903
39984
33726
23527
122857
30915
506615
872472
112391
47596
49664
132000
349971
434731
746493
33850
65390
737381
760860
37910
32479
42189
720329
139286
20250
33024
31546
576465
465897
29628
72866
782942
127551
55597
414840
513823
110808
105592
17870
141389
241119
143503
63052
119775
37578
138300
35516
40484
95707
427777
193945
83085
89388
757948
190810
89379
79013
270582
112581
145680
157381
136536
110090
18681
343691
130751
49163
256795
51661
134695
51582
692076
82209
133589
65920
45947
15967
344869
17399
68341
44525
49962
249102
17464
27572
83120
72070
54630
34234
83030
53884
835433
877782
142358
26263
58805
821027
72660
41378
38736
16720
19282
138741
120796
31203
164340
30962
482423
141577
50396
25484
61254
53516
23432
484254
254683
430355
102130
110402
432947
102097
670500
303084
25433
338351
580698
126889
32509
587510
75576
24764
103592
237764
830230
92416
84511
83925
99596
806550
745398
140907
477244
126944
102535
71353
112788
81776
388268
49338
852947
318105
33634
382883
46081
92988
43249
133013
98930
44246
94285
353113
470510
144918
504361
80009
26308
47394
244559
646941
70592
78954
35444
18413
185745
58451
82130
142244
56732
60364
35334
358381
425459
41613
41677
32380
784549
580810
46259
42651
73041
32841
129830
81712
41504
761303
420869
96161
48158
42528
145318
183597
485713
653576
35321
122629
46361
20280
30749
126435
30080
39654
93643
237441
19080
87365
50337
57680
40102
81136
230283
883990
593659
74524
283321
298284
106641
55937
104478
271463
504682
670139
16767
125089
25026
434935
604312
137487
755588
436584
285172
75319
88681
130747
71756
64708
190089
458113
45631
110605
30802
24768
54819
117277
120593
91161
472537
17604
283053
25128
118720
42402
36122
682080
99833
341795
35612
734321
124142
33539
219475
56506
695198
39118
21678
147187
111728
861366
24656
414574
78669
105098
127195
134766
123732
114283
17473
84209
210708
77763
86823
126508
32887
75631
77768
793892
144473
58143
101997
33171
778892
817497
242155
126345
35913
514980
24224
30269
54434
54245
129737
403496
415908
555936
504302
118203
88981
338857
78948
85917
44945
37945
99713
120342
473019
82216
102029
119317
361790
389185
39917
706964
195531
60083
40026
146565
389624
52053
402953
52051
37274
206923
114206
550490
31088
123381
83353
18930
453032
27715
424062
20102
78973
58886
42238
458633
91911
148656
88716
18994
129221
33327
834769
97844
59308
22434
90417
83082
34145
47376
19938
229899
198859
76310
108557
20164
46686
89170
127062
134931
79261
130148
34931
731663
772360
22084
37646
418726
95159
378190
68626
138209
61956
57781
20323
44994
44622
17537
49247
89577
37270
346027
143604
45898
25189
88285
48365
96037
341100
35384
224688
302478
95033
84621
39847
138396
565970
105164
25196
133965
103675
48275
24068
74346
264592
28050
80973
17058
110690
43952
178609
122444
336271
31331
104891
39457
45318
36966
116403
131236
78628
366350
123874
45018
85228
45606
323311
25633
19496
61726
302341
272963
317937
15615
54313
495459
38127
20057
57027
487327
98375
158856
30108
128775
44399
76570
840717
32546
18550
120191
107550
401146
43588
170908
42301
220194
93915
134501
682017
21108
21503
18295
50680
827850
403196
79136
48253
44264
464702
353473
541921
22985
101865
96532
34798
99213
260896
77974
77169
73284
354003
57590
265757
114045
21586
137529
367302
99010
45737
91556
20771
64284
33546
31162
92057
78154
64367
234377
128862
285165
739703
95444
55514
46650
89290
133790
78708
294474
44419
254727
107851
35622
147755
19490
68389
16437
144781
335356
51239
121320
236065
732240
26409
62676
475652
39251
212819
116288
115180
148168
374933
45840
72707
126792
699693
94664
49497
19940
49698
74663
29127
34127
40858
80150
140184
76942
138687
149079
881563
91079
30817
276297
139038
38723
97027
60359
100912
67291
96850
28079
140327
149114
94643
547921
41044
892113
49193
884648
323485
40098
127015
43566
340497
39867
446050
778469
39260
30633
46827
16550
147080
62482
88655
71543
51258
389358
693499
61946
77153
92747
135499
794723
141470
106912
19833
70990
553072
448291
141134
44524
196160
33725
288011
429554
41290
99480
94114
347479
71803
243578
239427
17361
287936
613194
49010
274569
202453
60280
132479
438145
680295
122054
94246
57807
276012
105550
467803
26754
389803
117301
45716
29733
72700
121517
66632
46108
347305
100276
218502
74727
787538
24571
30473
449179
767982
72834
335141
150630
103283
18316
297597
452054
89567
60740
361507
125512
41386
129295
37621
48733
114072
22610
113615
71874
467995
55221
15506
64317
23352
21336
140856
346624
119394
117273
124303
99208
52854
93344
41502
114179
112412
106974
20175
84735
472306
387749
129396
29432
48516
31270
136596
17965
17636
119227
570840
359847
110239
82535
69482
568040
104091
41320
85538
152439
116495
153730
218330
824920
103745
36639
432054
42738
403061
63411
109682
29520
86843
336196
51215
893305
45534
16130
106442
85198
98271
43122
347699
118496
34809
530567
229052
38012
63527
34342
19664
27439
19255
43599
26826
91689
456903
314215
287885
44819
46170
90621
123340
227938
24968
32049
542061
668137
77510
20526
72350
100312
76327
23671
313949
42696
141090
511603
44069
61129
131231
79580
444302
231959
68099
21736
159317
217080
183155
494731
112072
28072
48930
103005
94980
115598
22529
15752
18431
43577
62925
104998
755130
19142
124871
244392
652755
123250
79648
123243
28031
495728
143366
510169
142848
382139
327123
70935
133210
41260
821273
159768
27491
27457
32877
100668
260511
71923
35794
121212
104128
87650
338608
140891
598456
730016
19652
64765
43827
44514
89125
459121
23295
90724
144590
25821
47798
40211
67134
37046
82702
46826
55939
97176
346709
406995
33105
148990
721154
204488
455559
404732
142809
30484
60731
234082
137099
304850
74233
25140
30776
18129
748086
42717
821433
353889
451022
122180
30367
130869
862153
128957
120932
128175
142368
849180
20367
142393
37070
134059
353441
74902
92617
116427
402454
18858
69559
393416
26474
120374
22717
38210
564038
102206
84996
316612
15425
784790
92899
135405
113945
53795
482130
103219
16847
87722
581641
686180
136828
46246
56146
38869
262438
28900
137393
329303
45570
65329
44223
122734
47918
61831
355991
80390
47857
526022
142405
38700
29577
76725
71917
476743
190417
853425
255014
813002
73509
69442
88220
245084
353191
349950
121613
176257
837981
19782
41761
83914
379489
256477
32368
52193
195354
249918
44799
563108
124913
54063
446649
48019
86303
302568
36614
24479
62194
149678
134849
111345
134804
144527
67452
339910
57568
243701
38283
37010
74967
582680
533446
146938
36300
797709
139283
16518
835297
366651
541151
303918
84388
38477
30682
97827
33292
231149
457028
72464
58293
91778
20957
830644
469307
71091
775637
23157
16698
23149
102873
236950
242707
25379
38045
70013
254551
263558
267433
109304
28617
26435
584935
124721
481656
393638
416513
139515
197477
719726
132668
28871
388365
738069
122495
464236
81140
200309
40470
32754
18291
73277
122363
687088
500049
143503
101328
22953
366230
29284
691776
587858
91751
609439
597274
104267
773116
824064
71696
563943
53827
708604
49258
87924
177822
492715
82445
72281
35485
42190
437757
736312
812587
148609
55287
104968
34914
747121
71627
116249
261859
282510
21122
92422
65975
149151
100739
54636
214573
44593
20161
140920
45528
384145
127815
237211
45731
436117
480416
222559
35852
29451
35246
52135
69672
886152
202329
23005
31358
21338
19406
112425
129077
466349
209275
16280
77115
174347
384393
493171
122711
126419
44303
89553
716481
31840
88603
438619
486281
473141
120472
859840
351091
57851
53337
60358
72217
474194
251883
82054
39464
898229
492658
24409
26543
87346
249919
45426
442884
83613
529381
54401
59831
175290
120372
48776
99082
105493
42722
146046
82749
38506
18631
115547
474323
56311
159394
19772
382294
763442
30842
113528
132891
191964
65203
25055
453511
88692
243226
19319
666136
57213
738731
120207
51554
23661
102966
83721
33333
448532
565557
76625
337538
140812
65236
42248
117539
77083
78445
158057
350631
22933
55755
116953
90307
23895
16808
91831
156685
99198
23410
28386
126327
196148
115827
31775
41982
96628
32380
45071
468016
134660
87837
36654
387290
118303
41772
145882
56627
19399
90655
127848
29152
48271
45476
201086
35679
76466
28182
372408
39283
48046
99344
456274
138588
36827
656665
630403
329686
25365
44807
28901
186932
38976
19860
38911
87577
144634
16399
46732
89470
38004
143589
49173
34845
101689
40138
257739
32407
104322
795691
48248
422158
33913
442734
578407
153844
112141
178143
31931
37198
30981
91125
42300
22698
76923
48281
128068
149616
108955
442597
288600
71545
80116
142786
154616
61443
18986
171902
82448
124128
424052
43855
554007
199807
26481
122106
139174
173970
133116
28826
609287
19679
518432
180416
493395
143205
598866
207060
47069
38651
17699
22435
21737
144254
232547
168787
36503
789128
187338
49903
147081
213306
43956
57926
18419
41920
25442
463248
111876
422948
715869
703738
22498
27583
57699
49073
97140
86746
135600
43479
138636
95333
85911
81279
16722
322148
17976
269352
38726
112356
224823
67432
109344
119444
314580
88738
107015
63966
74406
32919
516640
43130
31745
135999
37328
23588
105461
870476
455475
152275
144189
163250
245360
134770
81971
802339
72947
73023
610495
74907
221914
248790
473852
134131
24893
24065
144839
112889
785014
32359
368879
37634
142366
261766
729857
339400
423350
146322
77177
471757
420881
397519
40928
394492
25154
31986
43133
694720
127827
89357
140243
830970
59743
289149
612967
23963
131738
39970
127625
25144
286896
32986
15344
33466
67343
35269
197757
17863
62804
152163
62476
22310
144374
92218
71911
33681
48267
95407
23893
220145
134615
15212
41461
39165
801935
67394
242906
63887
121177
43636
114005
821502
18434
329691
33694
230612
252987
96962
68921
246466
95719
52010
494545
118304
76098
101503
54911
188058
605948
42862
266763
621120
39007
97060
37896
28065
18188
58601
18573
410959
91796
490421
68352
138760
92715
114963
217846
248030
32370
145343
117569
272694
333773
25018
53493
42925
25014
115036
118920
29099
36243
567238
450270
35673
138084
357154
101937
141947
128793
86130
15973
93205
297124
88670
139354
42788
42229
53598
72646
87299
139127
337655
440934
451417
25589
62235
35572
651832
495655
19723
88746
25403
78972
351498
36490
527309
37293
118000
124421
19508
415415
41634
125070
26405
34558
16335
178208
109055
39993
51847
306425
84230
39928
456772
139225
51218
33279
391836
130561
135268
357169
58080
349363
452856
405633
151152
48341
88249
81817
76634
133635
132075
497022
104054
79003
209212
71872
61954
21109
73003
91889
277546
263031
18214
15386
266272
110092
142691
45241
49506
571631
139236
15102
866082
447425
281776
641532
125767
82726
45473
112288
144413
101850
29695
32155
226651
324050
251449
51383
636214
302386
37222
490385
309746
61139
129008
55807
620249
22521
40354
125398
70132
467527
133139
105027
74673
209441
89875
45802
756854
657305
280159
770853
26925
104207
31644
101506
114492
101878
258450
604428
369501
285106
91117
22092
17775
30679
67590
585639
221504
15471
587746
95144
19560
843802
44957
56788
212237
153093
116256
504414
268253
42460
26370
147118
557859
48081
576593
413806
121990
47595
340771
135197
116955
487996
25116
104950
17905
129989
375135
47686
43712
175146
35281
123045
35086
38982
44735
16891
31793
135576
684073
20917
96136
366398
122971
787596
859633
18286
362048
596424
804616
49006
17971
36186
24150
118733
493419
414345
51499
28159
101499
30155
35720
867250
33264
40070
420988
69425
39472
30945
26800
92763
432742
31426
442324
25126
140740
118713
29821
23252
411335
36411
18832
54153
39106
95657
85447
232501
85113
68344
127622
65766
49911
16034
47553
41635
64161
571461
43949
36753
129464
78602
20154
19818
42193
43688
139071
505108
438183
62203
123714
196664
31476
243021
130126
17404
64970
145031
138347
59635
99904
42748
37803
16332
24357
186600
126551
284108
41764
133297
99320
120466
890451
16600
49345
269757
23270
397157
117167
25316
32807
31236
58095
23241
88507
117583
32860
490833
149859
323575
55594
147324
19496
70837
371114
49789
34445
636158
107897
483908
271504
874700
47284
136644
119392
516397
21937
33231
29008
90328
59662
124538
89319
81585
32485
89385
111081
141678
23837
37768
43185
121569
44446
102551
142182
125224
38909
223402
78552
362576
97125
79655
110162
28815
15400
615723
39421
117604
67133
610401
135030
128266
51045
84935
33438
19919
666063
459169
128247
64335
59540
42666
282508
89224
370658
110732
210096
78278
79471
385309
138064
61996
67615
30466
81600
116495
488455
81006
18367
344099
24023
474805
781204
44486
26526
323332
31408
91233
377030
143532
58666
42648
260470
198734
21328
390698
117741
886725
435072
73569
43969
111538
823869
74124
53528
74689
32335
845134
96389
81195
771689
78092
67985
378264
32331
62625
48066
80491
292519
43174
91801
133087
43716
416519
37596
148317
315850
97070
44143
466781
570639
268645
722269
44473
45152
787606
27275
138009
40197
20552
142014
721867
130542
49533
15110
87102
125685
69614
756950
76498
30674
134530
42588
60567
649253
234540
374557
135825
93545
178516
474569
365430
293408
139227
45976
37028
41215
122524
30597
82488
76896
698369
108429
49477
797115
115445
21181
537405
23137
43223
133285
686394
26473
669136
36606
256309
44371
111113
20192
91223
29180
30719
147694
18132
33235
128232
423157
69977
298220
476526
61486
16640
267609
72702
113647
176399
147058
133051
23364
840332
86065
133522
89603
60519
138289
62199
84804
46735
143626
33850
322313
745995
140664
533210
25790
17033
43670
143160
405917
41632
170467
65387
112497
39565
310262
105726
457008
29341
127834
34414
37126
204376
847091
126639
56359
44964
154879
89693
67325
43074
21140
59726
141938
23743
118552
619081
52632
90216
27556
94008
24886
625600
108857
47021
33914
147111
134124
100325
360010
40319
53848
40216
46373
104173
97236
516682
43969
131301
837943
307872
281904
48153
126610
128672
17614
33258
69736
34213
220415
89222
597847
177291
145830
118724
70659
26708
118743
135324
98631
23777
286639
429856
122466
18947
146448
150089
25109
24597
68345
55277
405314
33673
80540
133387
127861
43225
21499
81585
29021
30642
18968
133648
49451
110687
123608
23272
93407
43193
86468
743140
33800
146207
471895
42514
144953
152534
124265
62713
20679
112095
120049
38690
82541
95399
18382
125048
50888
34625
142508
64022
26315
93912
89933
78759
482172
39285
260129
393145
63846
241769
655018
16747
288478
35343
27363
37915
113859
112815
82513
66881
43809
144937
146468
47399
45166
45260
47899
112205
110957
297226
30216
17040
553621
257783
16984
63727
24454
69652
337448
114922
33888
354993
21367
25921
125167
831200
45108
140894
130493
106437
640941
138827
34736
17889
20496
126918
135945
52873
458484
95372
32909
23203
21511
95062
89835
56756
30297
49588
32496
33217
21588
86100
495723
45405
114844
29725
17841
38178
80438
104001
40333
309698
57771
29037
92900
694720
55799
256956
25816
141965
421522
32397
36458
61102
37212
327367
29785
113470
107343
134546
63849
23213
374662
93653
127863
708878
21577
20501
41926
124382
265273
77711
41612
43874
47806
16689
92097
22104
77126
642677
85204
211777
47016
45129
690881
18590
189347
91880
268629
23029
315534
117794
45847
102379
49808
126090
31457
35153
93482
255735
134854
112325
346587
41497
69841
52652
141249
31371
735854
22564
36603
27243
131157
34912
129818
637601
776165
224121
113335
36050
141174
24705
266874
30451
44489
149829
84762
49382
101267
170660
752303
35159
45444
70366
102023
70204
114877
272949
227000
20918
61407
65807
29110
79825
290672
34764
136253
115029
89172
147482
482607
21078
417809
61043
99291
41022
145590
96077
599547
20697
40903
300623
359419
172775
102539
270171
17691
45465
34825
47089
142245
115850
36757
22786
148053
463678
24388
39904
77708
45743
89538
24101
74634
39596
100135
17510
105535
148926
881214
68243
579771
170922
773121
57990
45455
19054
149268
688905
65826
68778
91587
15665
63273
471932
97128
38402
38492
566277
331034
106315
24482
35013
46578
44804
761500
25430
20271
18972
37872
19917
80871
423962
28045
186094
141440
36786
680159
38709
749643
536112
22496
18665
32219
471344
130461
288072
689230
452137
17122
390767
103335
107439
134492
352311
133718
32501
108791
119722
104828
328081
63358
657083
419768
18552
30514
436934
131084
80690
52613
877915
25016
335021
398721
833370
109874
251988
127277
70838
79474
418218
356613
73497
104263
105519
84227
279067
29722
40939
125801
24671
138755
230585
23569
48324
82657
76486
60216
91935
110847
226194
345628
44730
19855
113299
45034
238597
22265
63134
418773
143968
21010
103949
141824
47785
486291
25506
49810
32261
104506
80693
142744
44378
108555
132051
47166
89122
38768
47170
149403
148872
39836
125910
26120
313921
21628
477873
100794
212040
71567
293444
139659
261012
21788
16194
117216
72051
88987
143278
110506
482288
124944
62794
130441
614184
41175
258892
141327
24656
423702
246401
497790
46015
114107
87942
17139
313627
49794
366588
265544
104569
160027
39088
27552
332178
368068
563564
758129
51621
299909
36859
28969
130761
441818
474136
56027
50456
546914
87701
71433
380634
19679
378655
146385
26945
125712
68071
140969
595213
203815
88231
104863
137233
715882
67841
288686
125083
76303
750121
24943
294970
72651
54911
41265
15037
21916
18087
42936
21489
119947
43552
75615
54045
105354
340471
38394
20594
123957
24070
21958
314752
110424
745574
66638
50143
108293
100579
285607
110561
85843
168907
100911
21451
139745
386195
21717
31046
407766
117426
43562
134109
33080
65656
74893
842367
32691
210148
32337
143164
62056
767620
304739
103915
70215
20168
20038
123808
462938
204120
66143
84181
496903
107262
28397
44039
754474
198206
20978
38758
25873
38052
72773
67843
528390
843321
46978
234387
27997
71885
791159
40982
72769
48976
464548
130829
140068
270317
173864
42807
112004
342803
39184
42437
631018
381048
90881
334675
56638
122870
315887
47639
69759
587723
108336
122924
33001
156106
120144
496612
85602
98865
386520
92828
100586
211727
75157
19519
266260
67759
16005
83981
15168
128648
41092
253007
485984
50584
81832
720999
146022
115812
100940
45221
148597
37118
27178
129778
135090
82322
123906
40588
129639
144239
82436
348453
26888
98282
94870
131932
94296
234274
145530
42082
136586
16359
661412
499783
130432
36678
469293
28118
103628
443127
782569
663636
146745
370094
205646
214611
31772
144527
505535
34487
27742
118085
17426
896728
503473
35552
23519
36118
70923
245877
79099
171192
149040
37362
44420
114931
489546
62120
46600
70333
85359
295835
75831
368119
47936
33104
311002
482001
743105
25016
31390
82078
26609
275440
63225
859668
121372
106490
369586
118322
65377
38105
28171
92524
581787
147709
170941
27478
659160
472165
33536
37654
57020
187952
20320
429691
41113
120853
38526
34348
428415
129996
108541
28342
29776
48635
650221
28340
35249
127909
123920
203849
131666
110695
20414
30945
77097
122359
636194
58368
63125
16695
46369
813881
126279
40070
48643
585601
462670
15535
85039
126811
114155
147956
114067
28829
56904
64791
32089
96637
86750
38089
621989
41098
63169
650347
203730
35331
364831
365361
141396
123138
20372
112066
34753
16270
67557
77480
231163
33983
41148
207898
398059
595634
437209
50867
361495
669702
402692
112848
592594
487819
144427
495846
26018
127995
39962
494397
32332
84525
124906
93464
76189
17280
44565
18746
644756
349686
97896
88723
136333
19840
21619
86171
718080
86292
144660
85533
809766
103139
104593
39176
270467
48392
21344
431074
458972
669379
99413
26702
744944
59035
490014
16859
17186
298612
597485
37236
23612
29328
25484
91016
84651
492837
30573
149549
122265
376229
259777
66237
464860
258410
15185
65449
704013
243023
377366
121782
85124
439195
823451
141178
338475
118494
735607
497063
158684
707518
712218
20077
732344
705743
45437
306344
138255
161489
132956
78478
32181
47130
112958
99787
36453
191330
77216
23272
50089
142282
68199
52062
32662
22014
826503
438443
66692
21493
217310
174631
304654
665370
413281
129027
27336
24095
127555
19484
41371
25258
122103
130981
447199
176663
23577
25315
32300
86484
403562
48944
46891
36791
36376
17979
408172
352094
487368
105995
351787
102035
845449
185318
493657
22907
100906
147096
123660
61234
747982
323915
41427
78048
143005
817397
33965
338010
61848
126924
521314
19163
84283
277754
37059
512112
568828
17583
19116
265010
97089
127538
68900
59745
146742
48500
675457
49765
21783
22863
562851
263951
121257
38874
27656
60804
273208
107841
44616
383949
96989
51057
774444
22762
121047
271904
130496
34605
34928
22646
40389
255021
105195
106060
24321
72984
41093
363717
142692
880199
27025
68567
559208
65651
116785
19304
893515
405226
33881
31733
839979
18908
136788
252104
54380
33256
178345
629585
338113
114304
126123
35288
105005
89740
149561
116403
67988
69127
39074
824349
413890
251997
123832
223636
39196
67300
241595
480843
124444
22084
130135
142346
29908
860590
43028
327439
424789
228195
496410
417871
275243
114866
59964
82820
166355
36770
51488
90411
114739
68435
144490
721376
648990
86671
29715
45822
25028
35776
570502
94090
85555
138277
48270
115485
40938
126484
38809
39435
44720
74456
129296
51111
31623
113969
455625
62572
295060
601170
46390
79821
27621
114452
21112
704392
144494
152638
112702
243924
210506
310156
100133
341521
223595
30491
21793
32391
49468
27524
16228
147065
373385
757639
124056
100198
73508
63400
787422
35423
97278
16064
20906
209776
174001
46035
91508
36181
698060
198764
37340
623715
24721
413894
642824
91221
42968
41921
708167
352227
265972
25003
432017
26051
23307
180748
50090
114358
383496
57039
108926
33973
439473
63134
146006
81746
629708
194957
446935
821737
377390
135916
15175
42119
599332
792737
65214
17772
135930
148883
474932
47954
58967
137045
385512
29453
128371
134853
101713
119004
159763
125341
126940
550098
132544
679261
27928
148022
141251
143748
829864
160351
75273
17741
33250
411530
60199
52629
44170
34231
44524
497332
194631
126373
99817
15896
139229
98739
99392
148718
299157
93237
48919
37187
124108
821823
783519
647910
783889
148078
29694
36252
482222
145943
18028
74705
420728
704328
30514
99437
36684
25848
88672
29915
218790
706422
383658
94271
28880
710026
598567
695898
28942
450673
118117
189251
118880
330539
376937
23456
32529
170681
44723
107470
21352
53374
73261
99437
24540
757914
107432
43492
101988
22459
270768
57755
15363
30783
39928
48420
109598
554489
34657
123150
41193
52560
20567
234479
53417
435397
63337
48271
103121
31295
420797
166159
52961
128387
20172
106303
61402
58164
115804
779961
47615
42861
171305
528221
634186
56417
134086
47125
76144
109553
237567
288054
440050
41085
267602
419111
97330
102655
47191
206501
139539
19816
22204
884403
108122
79330
115674
20582
104451
133957
232276
23341
489277
137575
21723
64336
22448
22267
64778
144689
68323
130806
32408
792564
189044
225538
127663
117863
749844
28774
16366
118070
858949
142979
107701
23993
306717
476006
108831
25649
184230
62256
41191
142236
370560
283441
47343
386269
281147
132448
19934
81796
75920
75864
126316
45450
42885
90044
581278
42759
509815
152774
306268
41977
296336
507721
739361
93450
49567
102083
537159
21098
27756
226194
86369
433731
43688
774308
70079
113463
133720
398962
68250
141801
31704
27707
105449
83641
15232
20979
40936
444268
166938
328970
133666
444825
138151
830851
46812
106604
48124
71300
86011
44714
69517
36109
364535
38788
440207
55184
25338
16639
126987
114518
92285
60836
111001
361434
137051
45593
446230
351675
93293
459349
69128
556128
72790
458831
79428
68635
82991
348516
139089
110013
111825
188349
424280
35718
291074
138798
136817
134300
487284
30626
23375
39720
120245
698930
547290
61630
689249
51257
218193
439462
40302
61323
470263
248327
16245
496945
226771
146550
399853
236447