23738
18796
402807
48695
32370
712972
44041
651049
19940
480767
15037
67276
522968
702714
43545
26754
22559
203027
147736
848322
69556
426266
46849
769005
201949
328166
90964
63070
45976
416031
25484
229146
244510
133747
305081
48118
64954
131610
55944
19931
45129
25996
134887
67039
18842
102758
114723
425982
566181
142802
35673
379362
818544
279890
46546
75929
21449
105177
110911
34660
19772
34213
92082
660693
415991
31532
30367
114943
499770
312311
735890
36966
43492
380563
488757
83409
352671
23341
82854
861636
105772
112782
40102
21788
79950
20229
31049
141656
40484
21181
597947
284178
105937
43956
32118
88975
776705
120330
35343
39260
469289
22564
94376
127140
126620
71080
143033
61960
111798
144693
643245
35952
104166
42627
268774
70707
326562
626846
140097
136364
15752
346563
51948
40558
42493
18994
40009
78706
109187
18550
68965
29005
358180
23364
98148
720110
460974
441644
16276
33235
48919
41191
111895
80218
100941
25659
102489
57895
134324
29267
22084
474076
48281
353118
519200
493962
221951
127183
125966
87057
41982
149642
62657
230148
598207
650005
165180
128386
149664
172908
41764
392087
55168
120593
45071
87753
729089
28803
32691
92623
68450
170522
138648
364313
722561
40995
595567
124964
367152
28079
184557
120011
147672
49581
15425
142125
29021
613066
805085
692949
822338
33694
21140
107712
122385
45996
147610
36512
508617
80596
15633
481993
189507
41632
85955
340788
83083
118495
63023
18832
32887
442534
29284
487991
234050
134890
147854
124178
708785
324624
449713
15110
197342
20250
128140
18972
145322
81500
231569
21619
370114
27572
18028
671925
89133
374979
684843
190823
833275
79046
87701
43265
543313
86047
20957
44223
54289
85684
93714
251721
86242
78184
163983
23272
106451
149974
37872
140520
465831
116551
73789
80341
79016
109470
53784
21112
29722
242876
121644
81964
432996
127357
766141
105873
135815
159826
131988
131382
743597
25463
16639
36118
122849
144482
137820
450627
460075
135098
37010
235065
37935
464219
94658
662570
104009
34445
17741
487113
190457
43599
800901
87269
134110
32049
62197
16739
674336
75444
30633
71568
31162
835267
71806
170082
227254
61971
32359
102099
33725
488704
787732
227433
92824
481965
103956
479227
664829
32496
25789
101880
39504
104388
81926
371741
29609
489375
56765
66548
392054
301790
668408
112164
129130
487376
73835
35590
20164
22930
695718
92246
50337
66012
109891
296050
313814
94609
516980
32700
127813
15967
240112
33292
51825
25821
32089
42648
21078
33231
22310
760154
412282
129483
32300
42651
80434
694493
41175
399367
19508
222142
25899
32332
250667
41712
320273
74587
88653
129355
19209
391044
66506
149149
62464
38283
368992
81567
558294
39847
159559
121119
110444
600194
199549
144973
97538
625011
93229
132156
63155
136663
116699
812864
540311
53380
127994
467018
45450
129965
54083
39285
360127
27601
404947
116264
90967
267723
139874
119542
125632
228839
103546
131974
48122
25708
340106
17103
39911
121875
138396
107899
135462
558122
131692
831327
16682
87073
840557
29380
126725
893163
143303
16767
412861
37028
96508
346064
45034
59633
41290
61814
103477
70586
138836
126859
575276
34681
110237
109615
41148
28871
106388
99132
169718
33217
81187
102522
98844
37236
77660
17847
471690
24986
35000
17033
92373
26215
104549
312744
97454
88567
139975
107561
40070
772251
61165
31457
217608
39807
519391
74984
39844
173812
135176
426541
18286
226572
319455
594612
80948
300801
79582
626420
147291
141906
347489
37156
104936
108744
31371
55721
22296
62904
92993
100423
193975
732753
133612
40216
486163
30256
77236
265616
38788
702838
23800
28767
58800
90136
41634
69888
318573
81366
86459
65221
48384
31203
90027
33024
25128
16280
25430
37654
553791
76319
33803
54853
35622
140481
31693
632810
93574
89536
90190
107940
70254
38449
583880
20372
62220
36243
25338
45465
46010
100278
25016
838252
690480
106627
33465
86209
591798
122141
16335
76681
29694
86560
37362
63174
32589
85977
140922
494638
210385
225106
119622
102977
57973
224384
29341
417362
55966
19754
684978
112403
140965
31135
112617
31046
314134
142261
48944
38700
109601
22104
132346
113484
281074
47125
76897
113465
147606
147974
84363
114261
36654
533083
75243
684312
99942
730549
378420
461469
123585
49913
774457
203787
39928
31331
260748
119580
122103
72839
25816
22933
109442
27556
118348
138453
17082
381845
380384
114039
104380
734425
132503
23241
72947
115598
92248
118938
244590
85839
28065
81891
87513
128136
300512
19585
357232
178722
137581
120805
497924
20501
23414
40244
43249
48271
113157
18727
107780
148670
781047
298975
103842
132728
75043
472620
308031
862844
144382
112747
263021
109049
111525
82178
83682
86212
441892
114924
17361
834241
20367
93065
375788
35720
115339
262792
312674
121988
17507
381000
54810
70233
426055
881201
74165
34825
21416
130624
133284
29628
381759
797400
97420
273873
24186
424071
21698
109872
47399
85326
290220
41941
38219
750889
187789
35552
665464
46138
21678
26603
16378
22084
29040
18295
328003
51232
198997
138382
96113
108288
206738
47806
114455
365409
62218
86343
129807
42966
51608
815860
65195
94397
25014
87763
79467
92177
18315
204265
29577
24768
876263
46148
99857
126984
70182
48780
171508
429227
42248
33210
574858
39472
46827
397703
61360
97302
84676
32996
36376
27457
112423
32380
107425
57147
277568
652711
36453
128270
67782
44819
653849
19163
301754
32486
115324
72281
42020
103493
535250
146277
88830
837011
297730
18003
51331
486960
19417
19549
75106
91360
831212
59330
34234
83290
52800
64872
65293
445957
107734
623730
124608
45108
375069
30392
88453
45630
208139
15026
46686
141984
69937
52012
19337
96956
359952
229095
57027
91506
65671
35733
27178
343325
106371
395900
646114
128223
64202
149681
140267
147219
565261
30010
391224
146836
132579
300408
123621
30491
134519
46758
131058
29110
692596
674025
51855
177358
232528
148367
27025
37754
32261
32397
554350
521971
785256
163765
141892
38178
461973
69529
378963
15386
103006
680776
214085
179451
299456
416595
30925
39196
133696
154053
539344
113905
17614
33132
875414
67893
85510
117450
72963
125393
729729
36770
26526
858971
385368
78306
140795
122769
63711
16624
42554
240471
23573
20161
447583
31986
92517
109610
124692
273616
144925
82531
22856
49261
93066
28934
84817
164779
94425
725045
481028
24671
17058
379512
89609
96985
148849
17889
48153
49911
410774
215368
385356
19643
580446
312251
846513
88255
416176
147595
347510
205503
121377
48234
20557
59870
29328
328728
147881
420486
59360
311997
64897
126436
35444
33258
24065
25189
68321
386934
43089
39596
27997
655001
40164
194542
38723
30692
477544
32380
66541
732736
22953
746487
334520
24144
244816
64997
16808
23352
230873
129906
440740
209783
68644
443037
122265
73601
98630
18858
474027
253428
88685
30597
541980
48516
110553
81440
59711
44495
190045
169791
31793
19679
82952
113336
89619
43711
298503
149614
27465
37293
92438
80772
29725
226779
367526
74268
65044
72872
347235
494229
44588
677753
145237
333174
453809
52261
122642
29392
34764
725763
18087
160935
100197
24656
84783
43077
415850
327402
117953
130932
30003
704711
44439
44735
257177
103517
56869
464788
891810
64151
29432
86667
442933
40524
116617
525035
74921
282119
522825
192785
445560
41497
138816
605692
135842
18329
90493
22161
176090
41193
50151
87668
32335
139929
99987
884273
127015
177455
37298
149126
829388
62736
64409
68895
739660
569946
329167
81947
145632
357496
497047
15232
20613
30679
322031
111670
475963
790536
35428
18665
462593
21973
728035
130695
185802
96180
491751
25433
56735
31263
52069
111538
103737
26909
775807
395949
572192
38052
424708
49163
210233
41371
32167
365383
418618
463130
444108
38526
37471
18291
325453
718402
107964
222768
114570
120458
112032
95237
44400
152754
401968
69081
494319
267569
143344
123773
508516
894942
88176
43074
95057
67928
378705
66300
43977
172179
889708
498831
27912
16600
39898
535421
78362
21120
362354
58993
99926
604580
17908
342855
40928
70518
31205
194418
472442
81092
42759
63007
839163
339716
242115
45473
16776
42534
105724
196206
89211
145992
298318
179827
362035
510662
118956
339703
86161
786269
254700
74728
88781
43479
122351
881061
497150
126956
133203
455524
137405
54279
92220
22185
99809
54374
61543
209674
54878
97824
25016
25732
92601
217731
93208
68759
22014
692062
30155
122545
128117
330061
317083
66200
77153
626125
61847
333407
15212
30989
136276
32807
85004
60544
29373
826533
522207
141290
70007
36252
80776
45318
30785
26120
36684
21338
136871
93688
39867
25144
43577
35384
22331
684707
59151
393246
33173
140358
82781
136847
115108
85019
382319
29935
20697
44914
28386
95294
324778
106607
38012
452996
63447
21552
52876
30080
72783
50351
79452
142663
60642
137836
311701
177583
518245
36702
52720
21916
654019
99442
19535
28035
51062
47021
748198
87778
322217
624592
194213
15363
21717
40822
87829
19558
344623
94549
88681
26708
689061
355499
126721
82008
15610
760846
570702
90731
57356
21352
428190
369499
48500
18746
113533
115231
293273
30514
42759
275394
351580
43173
222561
133443
25587
42722
85721
31246
733789
59682
450994
414529
19652
109460
42460
21985
135317
125342
149992
82851
819229
136564
98567
113243
864585
315748
19801
42862
45444
687221
106208
186483
153202
46246
149375
632986
176973
817244
198085
117716
126932
49807
851894
294009
24068
89825
69443
37118
42696
97943
80648
532930
147371
19496
51793
20280
142142
36420
30247
266412
93358
154031
15512
35557
41386
102263
236791
46812
224150
312651
91225
82817
801491
231236
27656
23167
140024
65096
109088
87094
37059
238150
45257
102641
128562
192731
149902
46894
35572
45476
108530
497042
299385
785986
770210
191234
799193
104460
48158
127279
29008
114140
111386
203900
29446
330970
43540
777590
119943
111434
32546
41113
111606
16550
28826
293219
63980
43827
101718
60590
41677
34558
110037
689872
119589
43411
34723
143376
91705
80614
129731
80006
721908
144494
16952
451864
126870
349339
109683
473926
120237
135395
33254
22507
20077
723408
48081
105616
104525
350212
454260
42188
58286
335686
333284
39836
39217
22496
268573
120702
46035
88697
28774
44846
99969
485619
23893
132979
65916
133607
885450
320071
266168
32219
177922
28342
88291
148168
127833
56429
61189
61837
19453
38736
39175
386204
104461
125244
100605
687158
135824
535484
261537
395850
245109
218708
563884
35794
99675
311935
19980
34569
36639
881281
121365
470128
333561
55684
440622
815948
61958
58565
129570
66592
89600
147819
37915
190230
59839
709727
111994
63000
109474
73022
33598
523245
33676
446916
49757
382889
692388
121229
57937
856025
139706
125530
578392
231124
118022
36859
103524
114333
141522
23180
38869
40586
587370
541381
45294
28555
57862
47016
111593
483080
124001
385573
424763
83467
17537
136992
834995
31476
468283
46108
138189
138126
478843
188898
131831
18413
81301
137882
38909
136647
334364
375399
182440
61222
131206
876725
15141
99061
140462
124532
37541
124947
53762
97954
166074
59808
109879
56029
108154
118766
62740
94093
270645
133820
57817
21736
137027
74879
144541
49664
139365
78478
21048
122256
139540
141423
233229
146811
313388
31009
47717
379467
24363
58969
107378
53795
62979
26405
32848
458739
109050
67225
79817
467198
84688
90320
413197
32407
25317
97013
122925
80540
544887
30915
643947
488399
134897
106882
131928
28880
25026
132243
129472
35269
490767
79572
49676
120777
48392
449065
55225
334078
108029
405136
45822
28969
136201
41282
28031
97050
42528
122341
137178
58610
274535
147405
138390
17691
357857
42666
83093
53281
27742
45534
68959
133067
71748
27478
33965
144204
81636
120913
114179
325789
113957
35202
251662
49073
191538
404627
148175
65815
465989
38897
46996
95608
77802
516327
109511
822360
45674
31295
34620
29453
110483
17638
30414
136500
19080
385197
46826
695043
124178
147005
417641
44964
141716
141412
293022
283966
126226
192773
419145
134660
25187
108116
73520
43952
145165
93516
107133
67173
43166
48270
204317
42730
142460
129998
53391
335388
463465
345482
46259
115837
77803
116040
26543
80163
120808
762055
149537
31043
108757
56630
114452
102090
284202
28050
108139
16270
98312
409060
109246
47343
15471
28730
386521
371987
24150
115772
340998
63177
140477
765986
372306
69341
128302
45847
43028
98690
89894
32485
64294
739956
45606
76112
62016
83863
50372
525064
22506
136401
66615
34376
16902
19196
429976
19519
500821
131227
66552
44004
198108
147772
31353
25649
86656
25589
100141
17604
222124
25365
352463
844512
79818
57105
40938
240964
26702
110853
117272
639839
308766
262299
159964
30642
122530
60351
67055
126012
65397
843793
79039
140674
42474
855514
84664
217001
138118
493676
55274
110982
142436
292661
232529
89858
103272
35153
33250
657890
700726
23577
139242
469714
69477
131400
123049
134718
65526
708685
60528
392595
24884
43716
385790
34914
19490
49808
89252
123148
248692
29915
58331
494894
784705
530073
387842
24705
413668
114790
770206
49193
139890
149036
22331
428126
114341
104240
98369
272685
123609
322853
23671
70759
344015
850338
45166
143927
28182
234966
23680
41461
41612
84738
677497
342708
15829
102185
42160
122200
334038
44799
477430
39846
47954
67323
896718
127305
129888
54706
22578
212907
44714
27445
856207
43562