32335
386116
211560
21698
30633
76897
418864
270597
60829
19919
152717
470591
400805
406019
136224
18908
749564
44588
171106
185280
24150
41982
357592
849572
61814
66902
206360
108223
30108
87701
138931
97697
39928
496134
323169
323374
30989
19772
70219
398379
33803
108189
115874
139052
321929
98312
19337
789221
58110
137178
30170
392759
121644
380143
44735
94141
36123
47461
46741
41113
70254
21112
19575
138471
47669
29453
360021
23167
273481
32219
233542
17604
31246
433726
64997
821843
122685
48516
207465
59870
341684
45444
347565
58856
27742
27521
175521
115279
115917
69443
72839
324570
79431
110522
25016
739081
83247
76742
104288
19679
52876
652803
55742
149957
135098
703319
78478
219177
256498
42862
36757
81134
668121
56259
116133
128555
147672
35794
48308
111142
109447
128302
126620
117155
106388
133585
21552
138985
22933
100395
95294
301522
39472
107638
19519
15829
455738
20077
24777
34620
824333
80948
311312
657880
31986
142122
118996
42759
444554
251089
545769
17139
52155
37872
148887
539856
68759
37328
52069
463412
33231
96956
91366
72440
19490
233738
220029
23573
445652
84117
442971
16005
108973
740052
43969
40558
111488
33465
28767
129571
64151
48270
39504
138917
18550
43411
31265
434846
144582
349330
252861
106371
307177
307228
122656
594034
60058
167604
61105
117812
280166
72872
146234
46827
351104
270411
104603
163971
44935
30414
33173
60694
33235
68192
142909
789775
176822
28182
18003
180212
116649
38052
176498
48944
18665
191456
25789
619611
21098
39846
21736
111463
32996
104936
67055
279744
74487
797112
530793
466105
140024
498177
30367
462379
67323
736219
108800
21534
73029
53695
324610
19652
18028
140389
30817
887840
733170
307550
36376
30247
381933
99309
413466
471425
704031
148736
86161
136364
21788
59448
30650
329478
73022
78904
21586
725958
442599
40302
93948
126065
66342
88697
276212
102185
37156
86933
41378
85721
602524
138896
23272
725767
126984
43566
93208
30297
42554
32368
44524
126272
341773
142996
16624
122265
158040
43562
78706
220304
254364
78125
30749
76145
36859
41488
147427
174581
66541
33250
242010
34825
838118
38897
45796
143970
294260
48384
272862
23586
753877
465865
248819
21078
322945
147291
95157
37298
76795
107273
15037
46373
15168
87126
96130
300600
24705
63980
22104
159929
133696
153581
148175
720779
124178
188160
15386
202715
43716
62246
20161
436405
366689
23275
148618
784705
210944
31532
81030
166553
263780
65097
70808
279248
143678
93714
100710
48081
83492
43249
33725
845655
58951
100780
358140
30155
116040
108342
317109
133612
131852
15471
106607
66012
127185
22507
121064
506471
44945
36122
33833
102263
94792
197680
41191
360443
98630
807168
331488
20263
113657
129636
762070
158203
115514
119177
73648
416927
29110
335019
730804
44371
25365
81686
103243
392420
94542
117252
41461
46849
369562
143001
16880
306429
52734
104461
15425
547984
247622
31049
472241
81187
92517
37803
44755
26215
38909
122617
33888
55131
15633
146816
24884
21120
143245
28555
318619
89211
85812
28035
134110
34283
367803
37654
209060
332332
129929
716213
55493
64294
89508
55168
46308
299193
73851
147795
24065
70707
368275
30597
136788
27457
292152
627267
73601
89609
57973
57181
432990
250026
103089
58640
34087
105029
437958
65436
790844
17638
100616
460204
429787
43492
54374
70309
113784
749300
356519
132803
398822
48118
441426
32300
239398
548793
31203
811326
34127
119067
43577
74879
325659
349835
666031
765150
118013
127015
124964
856356
45630
654864
64531
90426
793359
139278
32501
71267
440095
133239
221847
774929
59682
62388
136762
114570
105577
398981
797159
27572
36843
56864
137536
41175
16695
124229
246879
472793
422280
19643
181960
528153
68831
443857
106245
22564
109470
139839
93008
29341
42460
136080
28730
107620
27293
45129
36639
170735
618415
109460
387730
120458
39867
29373
100668
807776
108288
109610
96078
90563
120330
44714
98930
107378
144318
107433
134041
107899
25873
112992
47227
98149
306036
600628
62220
41502
114765
644684
47661
92824
176616
125342
827698
242164
878637
90540
413098
19940
109187
360903
44807
107641
479914
762560
101874
448734
830670
55944
22930
110514
61552
53446
131227
132992
342699
60078
28871
32977
417584
25026
327779
111264
21449
32407
43977
72819
283692
111622
31162
18746
29021
28386
32337
31046
78306
94682
66407
308212
53397
15927
98567
42160
16270
397258
43599
29722
678569
432749
16639
45996
61837
93695
140477
294520
128987
817283
37935
604753
559711
419090
25014
841331
74673
409724
540338
776015
321671
228088
95794
28031
107596
30692
100941
266012
43688
30010
35159
252056
44223
45847
17058
15896
143627
514112
39184
106350
46686
25821
540329
19679
135438
172055
34928
126107
30385
130624
103228
137882
263912
50689
140813
35679
37754
46952
99835
47471
673682
96177
740648
38283
432370
68031
18382
608611
406287
169556
96180
132999
21916
132832
394746
134077
25463
130611
27721
363337
137443
72631
200689
42188
59836
45802
87763
98354
125953
33598
182572
80540
34558
698844
124001
95821
349146
45606
66822
68715
46978
33120
93055
45768
18832
23946
68450
49911
96347
21717
674178
810498
877959
484869
36512
147219
708822
27363
135345
49261
80648
84312
139007
182654
177521
589855
106451
128367
103666
347374
447776
111475
41049
326744
319661
31475
71242
41772
90971
31353
29908
69314
33965
25430
836493
144158
68048
39844
18315
18367
503549
229394
35557
149180
45294
102488
103493
25539
15141
134253
71806
102432
896157
250802
61136
144862
45947
126436
812961
166892
87939
71698
45257
846383
30003
29790
56840
133749
79039
139874
236265
346326
26702
92364
790571
538539
102641
350530
70632
211508
66615
33279
116684
33694
72528
115411
108930
108154
23295
264244
59725
59877
50372
80162
45108
70393
105477
73778
351406
43540
111058
551216
39898
32754
188289
47918
578066
134890
130423
28934
67177
47361
19754
273891
91890
23241
87347
70211
70281
699268
53442
48857
131382
330633
287134
114383
82781
132243
75730
41193
94439
119548
196904
474921
42020
631964
34912
444925
36702
17860
880027
122634
67782
88986
19664
129317
87231
137820
685830
125249
36654
109989
266754
67140
284881
84664
276981
48919
43545
28617
256608
233729
87513
113202
522310
277118
55552
127570
60351
452048
29522
32332
487283
46246
397502
81092
16276
385818
108080
40524
49193
136401
24186
146427
873875
258047
356849
833840
32546
322819
135317
381652
335749
384219
26894
554156
25659
118677
356022
29725
117622
117553
47806
367019
664881
431815
594334
83551
161414
30080
75431
75416
21577
21588
94425
489061
143299
76238
33914
68141
20985
96245
179593
32167
525436
158504
145632
86529
659729
60994
105873
144455
38700
334642
53281
39596
541429
120262
71013
108116
277189
70645
34414
45716
49971
104525
137563
400324
88453
24943
69359
32848
54083
853388
19508
136160
17361
93584
25708
284451
304678
101375
686548
46812
727896
26543
541119
79572
110306
49581
79393
67988
29328
614673
18552
759944
119532
573375
149463
175511
320420
27491
179170
124350
190949
37028
116264
176925
864359
284914
854962
98148
98504
275453
373977
32370
133860
441881
70007
23273
88653
28050
108607
143854
268317
37236
18858
55684
138339
388210
491070
306885
134718
368023
121497
138453
43981
122200
431365
673922
23893
36186
27445
121177
66546
504793
16280
81148
69081
64535
29267
67010
136342
98844
513769
66427
85973
899165
349070
46138
95538
30719
400706
116841
368932
134519
36786
311765
135140
20613
118952
331595
26526
890834
22907
42730
549998
316221
450353
98332
49676
119542
43956
343126
22331
116536
21723
21140
16776
139929
34660
177021
642132
19980
24447
32359
274206
18727
64202
211984
672775
35428
258674
92292
63588
124992
34376
109601
20271
90174
249868
297512
40484
96790
699172
144224
60309
82097
99061
89597
22185
38736
138126
74386
42082
130585
87080
286721
137585
131491
697162
396149
63023
428419
269299
383562
28342
16902
47125
38449
489889
298405
130590
32486
321949
36614
364365
46546
97304
128958
24968
544407
479791
36088
58331
97382
133443
99141
865553
18994
33546
264511
144925
33292
70112
293371
83030
35343
430574
24671
63580
42885
98177
186186
99942
34566
264887
19801
115231
119398
135192
35365
119014
201700
86003
20771
126870
80933
813548
48724
727494
107341
92982
110037
128283
755777
375931
823234
127744
58993
98016
279981
90578
88685
451012
138396
95269
144511
129888
493919
832347
18087
68203
41282
134193
134344
137405
40164
28340
209164
70970
41371
119807
16767
472636
97750
15512
147974
30514
107105
91437
549022
197212
136871
45465
169053
129517
308958
235198
79103
104748
258707
217457
67791
129808
151822
82854
780882
80434
129300
85805
43780
22762
102197
550497
503467
66200
20610
356173
105436
105937
21352
22296
133820
128117
41290
33536
94351
90663
99373
130655
431679
144527
104009
390997
689334
139365
231329
55377
101178
476759
35952
140962
41761
154288
56630
44914
97620
105641
40995
412185
502724
29180
132204
96020
543352
450192
97050
97943
39196
421940
42696
34234
122925
53496
18329
35612
68777
95243
18947
621711
127994
54930
36532
41386
130200
123990
58286
18513
146069
92438
503347
726413
122306
816257
143503
366362
36243
20957
140965
543012
52457
768667
144494
44964
136629
146836
58871
36040
401093
32118
365156
66933
118956
149036
92623
39720
257224
35202
256898
45034
25144
26754
109461
39984
80163
31541
22496
60346
22435
45241
69787
69143
493021
661621
41941
31205
96091
323665
27964
301765
17537
410717
445135
863246
87628
318121
18972
124929
268146
49794
121314
32408
136058
241785
29609
27025
40009
140711
71582
45455
422809
113472
572086
43089
226796
41148
132757
27478
206257
76319
55953
109246
32380
63447
80904
671116
288660
556108
357950
74921
840732
223722
399404
571369
40928
17614
44543
42193
453288
445787
486433
68321
42627
41612
569472
39847
83682
46826
34445
68819
59667
462953
885286
102188
30491
779033
442179
341857
881270
125749
24986
120749
650308
88059
115716
82769
276179
44439
629211
110261
97429
48500
25589
79042
56266
25816
62016
100679
200758
556085
302281
192075
587665
69774
20164
243572
125373
598248
25484
300885
42666
125010
823924
20501
128216
33229
66075
90847
656908
47798
131017
25433
102090
389721
19558
61836
317895
35720
70057
49808
657274
286727
155996
348851
290752
784236
29733
145992
138653
28969
91034
73628
98097
108448
135815
222073
437126
83290
32700
47394
47343
529421
63918
47019
132979
138648
105497
21416
401176
46015
134791
70720
542267
29380
627511
593134
42651
115194
17847
695665
120805
796672
419865
37059
113301
384064
34723
104380
35622
390604
17404
496970
41868
71843
332874
122973
39904
123609
23577
228566
259519
69710
97824
23352
60683
145322
688701
278312
87244
162152
39175
139540
17082
73653
238744
37528
33258
123527
431381
90493
318385
97426
456029
132307
394321
22014
198478
64897
139743
49247
207617
39217
17889
22310
777568
105028
140258
41977
78267
420156
65096
35269
136276
46148
128697
112782
94590
173753
276337
88781
47954
641436
20679
129731
44799
16359
117862
54948
35852
46201
444660
23738
200010
84689
82718
304685
317002
142232
17507
139784
68965
66275
107962
83203
130210
30642
141656
27556
31088
181019
86343
85666
664723
208830
51825
442999
735324
414376
515533
149931
135842
685554
22953
149643
89692
39928
49073
87364
88463
134600
414353
35673
657157
45276
546987
55400
36453
834354
71568
254573
33217
98568
49664
202899
59721
107940
42229
79950
76175
81349
124767
32261
36684
213898
571036
411235
17908
55707
110900
75857
56523
894398
35444
38650
50801
16682
330950
47021
82851
18842
55545
36300
49913
59707
66316
146363
64409
401556
195476
65971
302155
84363
149702
44041
60590
112740
859303
99016
141892
147913
33327
100423
795677
54245
138816
792021
144182
289215
57853
25732
102532
80969
70037
392748
138908
58800
41497
45450
42493
292408
109442
396724
121510
492641
696832
580857
96422
585171
144066
555864
102172
311570
33104
92518
54562
20557
492719
301658
326357
18291
137081
44846
97527
110876
119925
38178
40216
22597
472397
374240
21181
103009
391501
142750
32049
83545
41632
34487
26391
81926
58610
124178
132347
440049
82008
129355
450261
91208
19080
31043
417237
31135
140895
30682
788411
140481
436548
17612
277328
344357
64946
24321
45674
110237
29392
32887
26708
52491
517734
141236
94375
57264
508988
32496
105177
100724
646997
81712
90484
173721
32919
101718
240798
35067
35153
17741
670859
111798
796224
109131
544929
58512
131206
123134
67928
92144
40138
296280
313043
169644
212292
31693
134137
453638
90964
44841
116498
16335
46732
447681
55959
57356
225110
38253
670095
597381
832464
44400
107177
812271
61222
267896
89473
517251
154859
398261
131886
85756
19855
34213
32662
115039
28065
54082
147606
396850
786067
40102
87948
33634
73892
75049
22957
314497
25090
352559
115571
715660
486344
25187
372366
626077
28079
28826
455935
61189
97454
62736
148886
41244
173193
232807
141147
44014
411778
94253
96806
427869
216767
45318
52390
67276
41634
134563
33254
123620
93214
114261
131831
84783
496142
235194
44264
368388
725745
212198
609917
86047
116508
90669
116544
33210
67487
133561
110982
133284
22084
74552
34809
66506
25379
238203
15075
29040
30785
100053
107009
127519
773209
27133
18295
85059
142477
795621
122911
104382
467856
17352
102045
29725
229908
43077
35733
35572
119136
707457
91554
161920
61507
37915
384225
134844
139382
20250
248652
811634
71230
106447
108757
148113
123585
145301
112423
148849
17103
135919
50206
251273
887793
19196
26917
360153
801927
54848
117272
66060
64870
52129
467179
114140
230314
40098
65293
223861
137834
403850
110444
299815
106268
640991
34681
33105
424970
453202
458064
87968
98624
67676
80776
45996
629285
26481
108948
128998
112342
31408
146833
400321
491993
66913
142280
107367
103846
30679
109251
25128
108139
42274
508770
31476
48234
21108
114753
368371
16550
81532
16739
131858
452764
47166
89863
424894
42648
19585
139890
729161
51948
448992
117287
21855
423286
438284
43173
858838
36678
95194
47170
52666
868494
576512
51014
646959
255942
49382
409468
20582
147261
31457
758539
538971
85819
24363
121875
18796
48122
128965
26759
100141
65908
36118
118518
307673
93864
60337
91771
657515
121933
716956
272769
22161
280049
47399
98690
147755
23680
621338
30306
141290
370391
98238
51008
19549
22476
90500
181592
56429
19931
148952
17691
434789
36966
53795
53795
23149
824944
75167
20697
33528
40822
126725
57862
132692
25258
388540
149504
20320
129823
139144
55812
488637
45476
54019
490117
77687
28774
689111
72618
28803
90686
301311
31331
588868
30981
610844
506214
753339
33881
123234
226506
48349
191435
338558
141780
188552
45071
20923
109879
46894
16808
43711
117909
221004
137208
95354
47225
850338
60012
15212
123890
180271
101880
44524
28829
63475
222395
21451
42722
389594
145237
414187
119580
15026
22835
89600
73219
345664
415021
18286
136647
823313
43440
701976
15752
24764
97538
62250
59121
53970
125157
103844
227478
76343
538980
126381
47717
831824
113157
340067
41738
508248
300519
691374
67039
27656
19453
706012
425502
115800
123875
143344
88681
19535
37046
93507
362594
52800
845039
640495
145340
461398
106262
353644
151581
389494
131007
147953
712483
31371
138879
48695
46259
825160
43479
26909
112050
46766
40938
38723
33132
129965
31263
63567
108842
16891
293046
99132
22856
20229
42534
409849
43952
553599
15110
94397
497198
406379
92102
104875
49757
32343
110853
144482
27465
176532
575598
72741
192924
261049
39837
130982
19903
29432
61958
44736
22559
41712
147405
100182
66022
596495
37618
278834
473224
42248
98656
65059
125226
580886
713933
24656
704275
15363
29284
30973
21048
113336
97013
60495
85055
128149
63257
79644
103517
310855
85977
37118
136128
20372
438544
42759
136761
19496
620464
43265
681330
579184
95016
60697
455841
133747
23671
493204
120808
37362
48281
79553
145321
129483
442465
37274
48780
123621
98871
24144
283409
524412
92569
493719
76112
25016
62022
25189
31931
67225
314466
38709
82848
110649
129311
132346
112164
457669
143376
22698
864534
21338
96211
288602
347917
406179
90954
127183
98761
33676
119994
255989
313953
119622
22521
25899
133754
244363
61054
271751
401341
121365
96010
111926
241821
68596
72281
69598
487280
23414
42861
28901
68538
57363
87432
314062
346947
21619
45976
326981
91854
83467
46758
247681
46010
138189
38056
116463
372140
397676
223472
44819
134279
842746
140409
134016
43028
486233
62740
35590
361422
57937
330573
101808
21973
24068
774698
870761
275479
508210
79016
411494
220221
131019
72104
17982
29935
22506
39911
19209
15175
148342
40586
166639
88751
572793
81605
45166
125966
35552
861398
121568
87701
15610
289982
78075
56896
428887
30945
24479
91828
43166
56744
36770
126859
41635
742023
697746
461283
439449
98214
58233
68036
77632
127813
627101
103853
27178
16378
37187
54878
39260
32380
455378
36252
37471
108494
35013
695587
109234
64574
492304
66751
338356
134240
132211
30256
470363
430828
708793
60647
138836
44004
123260
776908
129570
39836
640723
79694
20979
102261
173745
410766
48275
62464
37293
147736
183429
322029
257690
469856
605305
32485
122642
97954
30915
795442
249628
72038
862959
394002
34569
21678
34914
35000
35752
90643
644044
101965
15665
366825
43855
93656
58271
18573
763306
37541
207267
225638
31009
42528
29694
136981
25996
78184
127868
653013
26120
640156
38012
95852
51232
23800
143004
45822
81253
45534
173969
38526
23180
87502
262798
81567
467582
535635
24768
89316
49468
29628
27912
32397
118615
99987
147595
317198
73704
15967
15803
109051
25649
111386
133270
40244
77802
27621
90967
20367
46621
124799
33024
145266
712876
35094
46996
32691
148291
463482
26405
38219
31295
125466
125354
202533
36420
395378
366511
65727
56869
62027
86667
131923
17426
873124
19484
55727
223286
32089
110812
225682
137974
857414
16952
470317
70633
122261
105852
146852
93065
452875
107750
22578
432030
15232
88505
118691
62988
265891
54289
364046
220360
48158
789952
88771
729877
147121
32589
147854
18413
23364
438696
77153
49807
56981
46035
38869
369224
62979
858635
134324
92220
78198
41260
158723
426915
53380
170403
865880
299640
25317
799872
47089
871389
435447
45762
104601
228234
488628
94501
287130
41920
51062
37010
112723
29915
81892
65221
84960
22331
141984
120702
304766
29005
117552
29908
381232
76423
19417
452847
134498
401894
130695
707987
369093
42966
783411
444067
130535
272074
85987
19282
118348
406821
72947
128270
38788
59633
89252
25587
484467
26603
31546
127043
54800
55021
142974
652742
89692
456201
59565
262191
141552
48976
31793
118904
39807
149599
29008
369803
106441
86513
49010
34764
89536
115912
27082
306500
21503
675499
429100
444853
108980
30002
131634
135991
306444
35384
425517
757430
643303
123617
43074
134690
32841
32807
62657
115108
20280
64185
17033
626338
22084
362556
427266
63000
708089
43103
279768
57519
116911
107241
44495
308307
60115
385163
134676
339680
95891
344552
296655
106705
593988
89894
46108
133817
33876
124396
57457
45834
667321
45473
408953
42474
69341
32509
25116
29446
137879
97266
265789
118063
43712
356076
48271
99378
133319
407214
347745
17636
43313
478201
129255
105616
58813
88178
300802
78256
27552
429513
25292
249528
107780
34145
898242
751140
311703
588911
48392
49163
41677
104240
48153
142105
63448
757218
72950
41764
122090
699614
58618
463272
24738
108184
60206
77885
63876
39285
43827
29577
87602
99926
30392
61301
19163
133905
37304
125599
701246
338509
504955
97468
113737
82473
135949
56029
466032
873667
157385
450668
414999
117500
96985
92993
23341
27601
16600
116497
64919
130032
349577
516612
466881
221971
30925
219725
394450
43866
69195
531694
391608
115772
21985
40070
323153
345888
415980
699230
108839
28880
424849
60385
879671
104477
420274
80672
484877
79392
182380
115212
47016
103579
109915
533171
16130
223379
123049
139242
83409
246406
27997
53719
632340
108894
25338